Pos	A	C	G	T
1	0.24199900077356	0.270138177631467	0.151249924417627	0.336612897177345
2	0.198252570169319	0.278534470766432	0.183010188238935	0.340202770825314
3	0.311428271576784	0.235372424298521	0.185150506687499	0.268048797437197
4	0.163248831180084	0.480715494823667	0.100010542808951	0.256025131187297
5	0.222902658938548	0.182497261822006	0.422730630577501	0.171869448661945
6	0.160731816080276	0.281388770307779	0.112138782932429	0.445740630679515
7	0.246379365308494	0.390283142994319	0.177127973158042	0.186209518539145
8	0.413187822413548	0.245648650617485	0.16631810762272	0.174845419346246
9	0.236715586142976	0.26161118165603	0.203742993142553	0.29793023905844
10	0.255440012401054	0.290902336352727	0.193057408299094	0.260600242947126
