Pos	A	C	G	T
1	0.314891017197893	0.233277003081017	0.273753099060567	0.178078880660523
2	0.217079722756756	0.333707436993366	0.254745414520058	0.194467425729821
3	1.97927562173001e-05	0.999805482278675	9.82879186019919e-06	0.000164896173247578
4	0.904321002866339	0.0304834645165699	0.00621635915098885	0.0589791734661022
5	0.00100617481864159	0.649469471205549	0.0691415485706815	0.280382805405128
6	0.0896817255426685	0.0764217254070223	0.817513175380341	0.0163833736699682
7	0.109576818712415	0.272224159822041	0.0644974600614443	0.553701561404099
8	0.0558163395356785	0.0753441775250712	0.707732819805177	0.161106663134074
9	0.181262921721636	0.265057977052362	0.365018699337805	0.188660401888196
