Pos	A	C	G	T
1	0.226876852861814	0.328457473133402	0.191408018465122	0.253257655539662
2	0.275039493886699	0.272302805197441	0.163516630633324	0.289141070282535
3	0.185624530771466	0.299983052574517	0.302997932374798	0.211394484279219
4	0.325029847541494	0.137540307121054	0.159799038564557	0.377630806772895
5	0.0917100785288852	0.118941560089369	0.625550636658093	0.163797724723653
6	0.666645844534395	0.0967624433922986	0.0893229932129491	0.147268718860358
7	0.143372140143594	0.0810805924598024	0.0932648811001265	0.682282386296477
8	0.177542098850964	0.049859435564947	0.0945574661916396	0.678040999392449
9	0.202796243836379	0.19098630999114	0.240375371641906	0.365842074530575
