Pos	A	C	G	T
1	0.199196992252637	0.215787525624115	0.183881999701945	0.401133482421304
2	0.215780019974273	0.0618220108022671	0.654753914837701	0.0676440543857583
3	0.168450160248822	0.630579930737895	0.0671305963433231	0.133839312669959
4	0.0159698891915137	0.000132749023405873	0.983094276992474	0.000803084792606521
5	0.007681896266174	0.113167206196325	0.283969382920259	0.595181514617242
6	0.0682004730897759	0.000170751072854371	0.900051065527689	0.0315777103096806
7	0.0680461581377297	0.0282243836053072	0.487936986118206	0.415792472138757
8	0.0737992202305261	0.219499107266622	0.290425812592188	0.416275859910664
9	0.212605395348399	0.310889593228584	0.192373316990808	0.284131694432208
