Pos	A	C	G	T
1	0.227357911554013	0.227357911554013	0.227357911554013	0.317926265337962
2	0.277201115686927	0.181372916481213	0.360053051350646	0.181372916481213
3	0.102993333052225	0.102993333052225	0.102993333052225	0.691020000843324
4	0.0484649934486189	0.0484649934486189	0.0484649934486189	0.854605019654143
5	0.000156171182356404	0.000156171182356404	0.000156171182356404	0.999531486452931
6	0.000156171182356404	0.000156171182356404	0.999531486452931	0.000156171182356404
7	0.000156171182356404	0.000156171182356404	0.000156171182356404	0.999531486452931
8	0.000156171182356404	0.000156171182356404	0.000156171182356404	0.999531486452931
9	0.0227982596283438	0.0227982596283438	0.113021475099286	0.841382005644026
10	0.599841798592273	0.068783254701143	0.172368476534499	0.159006470172085
11	0.147162838130131	0.34783812232264	0.147162838130131	0.357836201417097
12	0.201691177733737	0.201691177733737	0.201691177733737	0.394926466798787
