Pos	A	C	G	T
1	0.292465758752985	0.101326461460698	0.47739660175455	0.128811178031767
2	0.143531400196076	0.0577748654972653	0.636862532486083	0.161831201820576
3	0.174805420027324	0.064953619557331	0.67429888996388	0.0859420704514649
4	0.0950310696433955	0.0903963496873376	0.417466326838705	0.397106253830562
5	0.207622890189679	0.0241847775070249	0.696260175626687	0.0719321566766099
6	0.00317023878087631	0.0322593172940416	0.957003366571857	0.00756707735322549
7	0.0712457153985024	9.21935307489248e-05	0.86795049720182	0.0607115938689286
8	0.179664835887327	0.437507169097604	0.0745219037672137	0.308306091247855
9	0.229492202839127	0.111705847470751	0.531588160009894	0.127213789680229
10	0.194282614663795	0.125125079836043	0.375896513517197	0.304695791982965
