Pos	A	C	G	T
1	0.229934669448468	0.313498702919311	0.199895598493454	0.256671029138767
2	0.270170231634099	0.272885487602729	0.175748192814248	0.281196087948924
3	0.195920417047993	0.298183342686665	0.289370693090305	0.216525547175037
4	0.319207738277551	0.149282742453336	0.175184921115727	0.356324598153386
5	0.0929777104272391	0.125506781322101	0.615453744240724	0.166061764009936
6	0.649968578344788	0.103226336695169	0.0943417682484565	0.152463316711586
7	0.148129588669064	0.0880660842338649	0.113079090499672	0.650725236597399
8	0.187249579508085	0.0520623676086774	0.0939199080348809	0.666768144848357
9	0.209149728115278	0.191148458918456	0.247906187380257	0.351795625586009
