Pos	A	C	G	T
1	0.454859641329762	0.111050926234685	0.317344803460228	0.116744628975325
2	0.0131302182415804	0.977419865085276	0.00383786533614095	0.00561205133700257
3	0.00999588045135955	0.974742226026555	0.0101978106311898	0.0050640828908953
4	0.163509096682553	0.690122160241114	0.0601516351241829	0.0862171079521507
5	0.115637881304777	0.198435397829419	0.523461558158107	0.162465162707697
6	0.00558400166538034	0.549993061628681	0.142580344682556	0.301842592023383
7	0.72863206576561	0.0661000097340828	0.102633962250154	0.102633962250154
8	0.0818295321325981	0.20329095054211	0.183945258801705	0.530934258523587
9	0.241802746612201	0.272631835502977	0.264574347068336	0.220991070816486
