Pos	A	C	G	T
1	0.22728982574039	0.22728982574039	0.31813052277883	0.22728982574039
2	0.241128937341774	0.22996626042246	0.212528760566696	0.316376041669071
3	0.000230776864157814	0.000230776864157814	0.000230776864157814	0.999307669407527
4	0.0894952679204004	0.000230776864157814	0.910043178351284	0.000230776864157814
5	0.000230776864157814	0.000230776864157814	0.000230776864157814	0.999307669407527
6	0.202765168386339	0.000230776864157814	0.000230776864157814	0.796773277885345
7	0.000230776864157814	0.000230776864157814	0.000230776864157814	0.999307669407527
8	0.882878433671268	0.000230776864157814	0.000230776864157814	0.116660012600417
9	0.139370186860027	0.324127836536132	0.0229409511237679	0.513561025480074
10	0.123807172083384	0.210510039947475	0.123807172083384	0.541875615885756
