Pos	A	C	G	T
1	0.2998970624740782	0.1871168134958477	0.1989409122983226	0.3140452117317517
2	0.2688838227085353	0.21741872392908	0.16081136019964	0.3528860931627447
3	0.3163088482799606	0.079797798343184	0.20111079773857	0.4027825556382854
4	0.2972622517351464	0.0529030988976129	0.1710965457050345	0.478738103662206
5	0.2517187867354705	0.40096782268562	0.0138895423997512	0.3334238481791583
6	0.3360302405841957	0.0710703802329563	0.5769418150465283	0.0159575641363197
7	0.0414039591950772	0.9159296512020076	0.0184289338181746	0.0242374557847408
8	0.1696741235200021	0.0099756492603352	0.8092459047505053	0.0111043224691575
9	0.3083551961864657	0.3541154984272059	0.1368027413878273	0.2007265639985011
