Pos	A	C	G	T
1	0.23344191096634093	0.22041259500542887	0.20195439739413681	0.3441910966340933
2	0.5298588490770901	0.05428881650380021	0.3257328990228012	0.09011943539630834
3	0.0	0.998914223669924	0.0	0.0010857763300760044
4	0.0	1.0	0.0	0.0
5	0.12377850162866448	0.8219326818675353	0.015200868621064059	0.039087947882736146
6	0.09337676438653639	0.15743756786102064	0.6243213897937026	0.12486427795874051
7	0.0010857763300760046	0.5765472312703583	0.05863192182410424	0.3637350705754615
8	0.9522258414766558	0.004343105320304018	0.02714440825190011	0.016286644951140062
9	0.029315960912052123	0.15200868621064062	0.13680781758957655	0.6818675352877308
10	0.2138979370249729	0.2844733984799131	0.3072747014115092	0.19435396308360478
