Pos	A	C	G	T
1	0.2569266638969804	0.2085008769794691	0.2193467901533554	0.3152256689701952
2	0.3494573960790003	0.2261963042362253	0.2104214860287499	0.2139248136560244
3	0.4053184326088515	0.1687711807272811	0.1465204322615318	0.2793899544023357
4	0.4536155465919819	0.0809698740191177	0.1622042614961256	0.3032103178927751
5	0.5286916206276614	0.0400414477327008	0.0540051275672191	0.3772618040724187
6	0.7454530197869085	0.0171478736223327	0.0257233523587758	0.2116757542319831
7	0.7404379362654947	0.0167398042899301	0.0120582479270363	0.2307640115175389
8	0.4130402502400282	0.0299659652111455	0.0298120540530314	0.527181730495795
9	0.3543872329741429	0.0885495438545996	0.0585447581013314	0.498518465069926
10	0.3297444626736438	0.2002868965359688	0.1674883934189887	0.3024802473713985
