Pos	A	C	G	T
1	0.2428120077508989	0.296020831830071	0.137800524912564	0.3233666355064659
2	0.1318930321195602	0.3499538519701514	0.0821985807430992	0.4359545351671893
3	0.0094525970387434	0.0038594534313108	0.9807056420997232	0.0059823074302224
4	0.0078642508201406	0.9771289939323032	0.0051196581210609	0.0098870971264954
5	0.0450835812811672	0.2795859623788149	0.0208650832792705	0.6544653730607474
6	0.1222444460197956	0.03524639166268	0.1355801406731021	0.7069290216444223
7	0.263002077645029	0.2964573193575092	0.1516085064368762	0.2889320965605856
8	0.2824751995016154	0.2406937687387331	0.1884472553196466	0.2883837764400048
9	0.2762152470854591	0.2609634636489507	0.1728821945527251	0.2899390947128651
10	0.2398806900132394	0.2747312480923298	0.1761976900172909	0.3091903718771399
11	0.237670336894293	0.2563915705376479	0.1917865103522564	0.3141515822158026
