Pos	A	C	G	T
1	0.308653221810558	0.293600026555628	0.192908963759674	0.20483778787414
2	0.239481567854709	0.353709676187013	0.136794042196272	0.270014713762006
3	0.41253856659858	0.135955781437161	0.240406128744116	0.211099523220143
4	0.196364356647139	0.561140823220951	0.0519339072746017	0.190560912857308
5	0.228192846395763	0.00122163617814466	0.720677029389067	0.0499084880370252
6	0.00262292123377137	0.122032654740275	0.00028773616045721	0.875056687865496
7	0.254900783859576	0.424484030909597	0.196541653626128	0.1240735316047
8	0.448869505394875	0.118715777494507	0.236685489604248	0.19572922750637
9	0.190902079172362	0.2451231217455	0.219589659814145	0.344385139267993
10	0.254951814950457	0.327364610413235	0.18699363266906	0.230689941967249
