Pos	A	C	G	T
1	0.3783827118173364	0.2005066350140036	0.1987997389790776	0.2223109141895826
2	0.4827368946665387	0.1088550276514557	0.1677476352869996	0.2406604423950059
3	0.4527326500216572	0.0449906744265979	0.1247920559987085	0.3774846195530364
4	0.5012531598659574	0.0489186329341165	0.0633874774042241	0.3864407297957019
5	0.5107544638130105	0.0191727535739095	0.015315512410861	0.4547572702022189
6	0.8828703183846194	0.0282180507579593	0.0316094735002755	0.057302157357146
7	0.3625439622569784	0.12991017965555	0.1351926431893666	0.372353214898105
8	0.1276131221384108	0.0644189698916558	0.0731841306799223	0.7347837772900111
9	0.3500813131714716	0.2427197668033778	0.2302435035261226	0.176955416499028
