Pos	A	C	G	T
1	0.24156216500226	0.22749467965726	0.220771195780555	0.310171959559925
2	0.153758379163588	0.158441018941661	0.0704837653064209	0.61731683658833
3	0.30009199030375	0.0770218434065888	0.58061568239043	0.0422704838992309
4	0.116074749609755	0.174903497102391	0.0542842634230312	0.654737489864823
5	0.165699534025177	0.0865027419586071	0.208549435161297	0.539248288854919
6	0.171247275495835	0.0949270372532463	0.299797895932837	0.434027791318082
7	0.413093099234026	0.143118504462498	0.169639057648245	0.274149338655231
8	0.150619957860256	0.359516412121193	0.189570280451132	0.300293349567419
9	0.262184338729049	0.254435620487264	0.262184338729049	0.221195702054638
10	0.272961167109927	0.239685953663233	0.230287732994343	0.257065146232497
