Pos	A	C	G	T
1	0.330364788330466	0.200376373028821	0.252193705073911	0.217065133566802
2	0.173883844657058	0.463305895190509	0.132739361413706	0.230070898738727
3	0.218605454766564	0.033357029472452	0.669993846777361	0.0780436689836222
4	0.114476690054677	0.0308881069721185	0.000259336514455013	0.854375866458749
5	0.216256326825262	0.643205585785706	0.0560623465452851	0.0844757408437468
6	0.978746756582662	0.000325065991926169	0.000716249244811907	0.0202119281806002
7	0.0939108539974	0.235649603409775	0.113561662408361	0.556877880184464
8	0.21432540523357	0.458286917400469	0.146568873662444	0.180818803703517
9	0.345129116018076	0.229045024190582	0.245652662317065	0.180173197474277
