Pos	A	C	G	T
1	0.100548496993727	0.0358965133077705	0.170825090110389	0.692729899588113
2	0.0110356023251507	0.00335726488976948	0.00209829817149834	0.983508834613581
3	0.0706822818611737	0.00123145319580188	0.923522285481936	0.00456397946108851
4	0.0074727853761483	0.0074727853761483	0.00140672991960478	0.983647699328099
5	0.0131768867049325	0.00362721192274188	0.0217250133901935	0.961470887982132
6	0.00103521066325069	0.00780375435171336	0.124537259543075	0.866623775441961
7	0.959117407483034	0.00813368024003683	0.0121340250639841	0.0206148872129447
8	0.000972008731622474	0.881486341792826	0.00851312855851018	0.109028520917042
9	0.467066428017396	0.2438300562401	0.108469767320839	0.180633748421665
