Pos	A	C	G	T
1	0.269042717015936	0.218081787913867	0.209530678700515	0.303344816369682
2	0.238733457130465	0.220378756709503	0.205479790796926	0.335407995363106
3	0.27937509888235	0.209046208192559	0.240460376028669	0.271118316896423
4	0.125786033711055	0.110452141477722	0.520391971039365	0.243369853771859
5	0.138301631084521	0.454608692397004	0.073658314789333	0.333431361729142
6	0.228848151421671	0.00364391513471687	0.519599690550544	0.247908242893068
7	0.177247440955256	0.107506007304045	0.172008987408802	0.543237564331897
8	0.216726206942666	0.394900896167543	0.126296818350999	0.262076078538792
9	0.245940205819446	0.271805963052601	0.199355256294978	0.282898574832974
10	0.290074858871826	0.217052448774911	0.208541700526494	0.284330991826769
