Pos	A	C	G	T
1	0.110474375060322	0.172003185020751	0.155595502364637	0.56192693755429
2	0.039595598880417	0.039595598880417	0.726064086478139	0.194744715761027
3	0.999927613164752	2.4128945082521e-05	2.4128945082521e-05	2.4128945082521e-05
4	2.4128945082521e-05	0.999927613164752	2.4128945082521e-05	2.4128945082521e-05
5	2.4128945082521e-05	2.4128945082521e-05	0.999927613164752	2.4128945082521e-05
6	2.4128945082521e-05	2.4128945082521e-05	2.4128945082521e-05	0.999927613164752
7	0.0615529389055111	0.938398803204324	2.4128945082521e-05	2.4128945082521e-05
8	0.938398803204324	2.4128945082521e-05	0.0615529389055111	2.4128945082521e-05
9	0.13954975388476	0.371187626676962	0.218451404304604	0.270811215133674
10	0.210428530064666	0.311770099411254	0.267372840459415	0.210428530064666
