Pos	A	C	G	T
1	0.251257534579797	0.27218403786251	0.274919532920208	0.201638894637486
2	0.100284765580892	0.289459037986409	0.182730756739183	0.427525439693516
3	3.19870330053e-05	6.44139743107558e-05	0.999820058571402	8.35404212816674e-05
4	0.0137228922753324	0.00475437576417343	0.96204902086088	0.0194737110996143
5	0.279580463173585	0.0859091320786184	0.0246133784398155	0.609897026307981
6	0.00310796248597362	0.996219247436309	0.000524121035572437	0.000148669042144985
7	0.807320930473711	0.0769935208089109	0.0703667797321624	0.045318768985215
8	0.264081451421705	0.201594364859235	0.29775100503245	0.23657317868661
9	0.166411575181463	0.309347143560254	0.185761592042134	0.338479689216149
