Pos	A	C	G	T
1	0.303052477229816	0.183810618957269	0.174846069289319	0.338290834523596
2	0.396592053405674	0.204979132074372	0.255419726724383	0.143009087795571
3	0.00792211066613605	4.15714215177566e-05	0.991935086111177	0.000101231801168944
4	0.00294094565034118	0.981155715560583	0.000123530298618947	0.0157798084904565
5	0.0912494020850916	5.25282815209818e-05	0.874451156261631	0.0342469133717566
6	0.00242217677471262	0.00052975885306521	0.000131949847739513	0.996916114524483
7	0.0419238181458094	0.769587084484722	0.062542987325115	0.125946110044354
8	0.271550986428343	0.26090331995351	0.229098013168212	0.238447680449934
9	0.217707569484217	0.27128033639694	0.172975979481258	0.338036114637585
