Pos	A	C	G	T
1	0.237390293996603	0.188614565495772	0.326916764828931	0.247078375678694
2	0.106044609900715	0.161395819438016	0.174838003971643	0.557721566689625
3	0.00039179579213911	0.00343145883226391	0.995241563747112	0.000935181628484587
4	0.0572673543660455	0.0212792140424796	0.5885905196947	0.332862911896775
5	0.0825738696865149	0.681089200737006	0.0332379828261268	0.203098946750352
6	0.0450975220166856	0.664362078863037	0.125064211902895	0.165476187217382
7	0.207226884616956	0.0859541705928975	0.461191913136715	0.245627031653432
8	0.262165903722217	0.122606191493329	0.368329354741307	0.246898550043148
9	0.644609104144246	0.0437566715367784	0.208230178070883	0.103404046248092
10	0.216214912881051	0.207737004884756	0.405967407776988	0.170080674457205
