Pos	A	C	G	T
1	0.110181518363006	0.151734028046189	0.164371510306445	0.57371294328436
2	0.000124959013502073	0.00636128570569365	0.992503472257981	0.00101028302282293
3	0.0118241113459396	0.0181767041244984	0.590010763789687	0.379988420739875
4	0.0931229543833133	0.7758201359493	0.0195684917778727	0.111488417889514
5	0.00543718361745418	0.790970924021088	0.0754342343906865	0.128157657970772
6	0.210005646124419	0.0595689471235525	0.588239640350697	0.142185766401331
7	0.315635757849748	0.101960846720967	0.417627081030975	0.164776314398311
8	0.875759322071506	0.00632867761991468	0.0886850480160333	0.0292269522925458
9	0.202282139799964	0.181211245796999	0.492583236479223	0.123923377923814
