Pos	A	C	G	T
1	0.226997245421348	0.226997245421348	0.319008263735954	0.226997245421348
2	0.175912212317153	0.175912212317153	0.175912212317153	0.472263363048541
3	0.148426671216588	0.145270456469683	0.65406951177468	0.0522333605390484
4	5.86330066302204e-05	5.86330066302204e-05	0.999824100980109	5.86330066302204e-05
5	5.86330066302204e-05	5.86330066302204e-05	0.999824100980109	5.86330066302204e-05
6	5.86330066302204e-05	5.86330066302204e-05	0.188412476165683	0.811470257821057
7	5.86330066302204e-05	5.86330066302204e-05	0.999824100980109	5.86330066302204e-05
8	5.86330066302204e-05	5.86330066302204e-05	0.999824100980109	5.86330066302204e-05
9	0.0230613875852817	0.124032701973118	0.12225963985262	0.73064627058898
10	0.0741464206894772	0.777560737931568	0.0741464206894772	0.0741464206894772
11	0.197825272467582	0.305221005391891	0.197825272467582	0.299128449672945
