Pos	A	C	G	T
1	0.201933657873197	0.201933657873197	0.201933657873197	0.394199026380409
2	0.175725057425649	0.0766788948867125	0.581272644338469	0.166323403349169
3	6.04958115724858e-05	6.04958115724858e-05	0.999818512565283	6.04958115724858e-05
4	6.04958115724858e-05	6.04958115724858e-05	0.999818512565283	6.04958115724858e-05
5	6.04958115724858e-05	6.04958115724858e-05	0.0968090274269861	0.903069980949869
6	6.04958115724858e-05	6.04958115724858e-05	0.999818512565283	6.04958115724858e-05
7	6.04958115724858e-05	6.04958115724858e-05	0.999818512565283	6.04958115724858e-05
8	6.04958115724858e-05	0.0929457648999671	0.0988725395597236	0.808121199728737
9	0.0481268379383753	0.855619486184874	0.0481268379383753	0.0481268379383753
10	0.17338160092486	0.290283102249416	0.259225762504333	0.277109534321391
