Pos	A	C	G	T
1	0.0968151118585837	0.0636120613612332	0.568387324717704	0.271185502062479
2	0.0593836891796265	0.024386253584936	0.140333200096155	0.775896857139283
3	0.0603334224597113	0.0296625770688347	0.862544049409223	0.047459951062231
4	0.95484337659267	0.00019623297550464	0.00793709488075848	0.0370232955510672
5	0.0450655692300355	0.0273336494377267	0.896159600557615	0.0314411807746223
6	0.0169155958570542	0.00231228457312162	0.000102103939383386	0.980670015630441
7	0.18020554091868	0.0313150274863141	0.723498225337384	0.0649812062576219
8	0.145202449059084	0.249168398968714	0.272633654459423	0.332995497512779
9	0.456815966584402	0.220143721140908	0.211511762369307	0.111528549905383
10	0.117349754859725	0.515511098639059	0.269120391947493	0.0980187545537227
