Pos	A	C	G	T
1	0.203933801974822	0.295242024200399	0.244153088644281	0.256671085180498
2	0.455573522050276	0.0667902501164708	0.400037028169517	0.0775991996637369
3	0.348101143408032	0.51413870310839	0.120601663737838	0.0171584897457401
4	0.900133995617139	0.00431692626881526	0.0858450250778096	0.00970405303623588
5	0.0239363357302961	0.0180906933758389	0.00898357246690018	0.948989398426965
6	0.320720669476213	0.0115949604101195	0.122801662747526	0.544882707366142
7	0.0909247124742538	0.678599983678767	0.0975174980056717	0.132957805841307
8	0.0495219666900492	0.640607113931942	0.0277272682615806	0.282143651116428
9	0.321742835169059	0.137517692018513	0.240748441698233	0.299991031114195
