Pos	A	C	G	T
1	0.297817771463543	0.153927512633432	0.291920584476725	0.2563341314263
2	0.131709434585947	0.157684821968459	0.0775248277577532	0.633080915687842
3	0.204694165407657	0.118098259928909	0.0622723177599106	0.614935256903524
4	0.063774449843905	0.366996619624071	0.0379152208710255	0.531313709660999
5	0.307802482295267	0.126400860085001	0.487581904682781	0.0782147529369505
6	0.457547140216543	0.211850305316236	0.131089450489373	0.199513103977848
7	0.436658840831327	0.214680785390493	0.163882909402706	0.184777464375474
8	0.21206422379113	0.261618980183596	0.20995414950891	0.316362646516364
9	0.20250061428706	0.257428733841554	0.24982056496485	0.290250086906536
