Pos	A	C	G	T
1	0.225931368672203	0.322205880196582	0.225931368672203	0.225931368672203
2	0.26658202569661	0.392660140992258	0.170378909762162	0.170378909762162
3	0.374545767881736	0.237061433416065	0.144721344862529	0.243671440052861
4	0.0934881825619601	0.000302371847100717	0.000302371847100717	0.905907059957029
5	0.7117307637834	0.0934881825619601	0.19447866802073	0.000302371847100717
6	0.189691298496407	0.000302371847100717	0.000302371847100717	0.809703944022583
7	0.189855674626249	0.000302371847100717	0.614668932640394	0.195173007099448
8	0.291984702571532	0.000302371847100717	0.517890420508325	0.189822491286233
9	0.123038519046095	0.0243709997281954	0.120705308452468	0.731885158986434
10	0.565227782256309	0.079923458638236	0.079923458638236	0.274925286680409
11	0.201784139472317	0.300451658790217	0.295980048478342	0.201784139472317
