Pos	A	C	G	T
1	0.403111051959039	0.234912261063193	0.270213418924911	0.0917632680528573
2	0.389212683581929	0.421629066693673	0.150524511614097	0.0386337381103015
3	0.117702576867381	0.869710943168037	0.000903174868372798	0.0116833050962093
4	0.762774986267463	0.0105588363905512	0.15095217751715	0.0757139998248358
5	0.00927154288275404	0.0560895658747992	0.140745008603466	0.793893882638981
6	0.791224748704253	0.143105491354003	0.0643014421982673	0.0013683177434763
7	0.113290655028765	0.186784712701705	0.0348118095794719	0.665112822690058
8	0.0139219223247144	0.0269360285909957	0.687777058644871	0.271364990439419
9	0.0669308344125823	0.171341692382285	0.592090659147464	0.169636814057669
10	0.226244475831118	0.235477688044947	0.113478814848505	0.424799021275429
