Pos	A	C	G	T
1	0.198950737284872	0.187364748307229	0.12434466208943	0.489339852318468
2	0.121484425055795	0.102492135186957	0.407396154865104	0.368627284892144
3	0.647674654874507	0.0689504751083711	0.166232680171395	0.117142189845726
4	0.0677381664318348	0.710273266864331	0.0650821149356889	0.156906451768146
5	0.192271447986203	0.084682431962554	0.638363688088689	0.084682431962554
6	0.0909759228514787	0.125285469238087	0.0258056868368454	0.757932921073589
7	0.287525043838347	0.556301250705038	0.0823773042945119	0.0737964011621039
8	0.900751778509873	0.00123766894235282	0.0623790651412861	0.0356314874064879
9	0.0623804652819794	0.274033995465684	0.133386665518865	0.530198873733472
10	0.246240809591126	0.277635737538725	0.184253026677113	0.291870426193036
