Pos	A	C	G	T
1	0.270758202462894	0.14699055201417	0.254412284282396	0.327838956182405
2	0.0177079084733349	0.0919131913944869	0.26185477362158	0.628524121452461
3	0.398425900375438	0.0177079084733349	0.566158277619756	0.0177079084733349
4	0.4864940744574	0.513290290290503	0.000107815096979302	0.000107815096979302
5	0.000107815096979302	0.000107815096979302	0.999676549650925	0.000107815096979302
6	0.000107815096979302	0.000107815096979302	0.000107815096979302	0.999676549650925
7	0.0624736589296854	0.937310705818219	0.000107815096979302	0.000107815096979302
8	0.999676549650925	0.000107815096979302	0.000107815096979302	0.000107815096979302
9	0.103117261818276	0.183423054428289	0.103117261818276	0.610342416877024
10	0.23239990535911	0.302800278864532	0.23239990535911	0.23239990535911
11	0.302800278864532	0.23239990535911	0.23239990535911	0.23239990535911
