Pos	A	C	G	T
1	0.339572207861802	0.301173530899902	0.165287538258138	0.193966722980158
2	0.139646020950282	0.395088898389644	0.160631159009979	0.304633921650095
3	0.717951271851955	0.0015942472819054	0.280451751260945	2.72960519448338e-06
4	3.10182123484907e-06	0.716396763915124	0.092225268365156	0.191374865898485
5	6.37747319861981e-05	1.11398330582169e-07	0.999846513713646	8.96001560377034e-05
6	0.227782635394397	0.0232985661738611	0.000178778409083272	0.748740020022658
7	0.25047351925522	0.318414248518305	0.258101573550527	0.173010658675947
8	0.379557690131894	0.116630008273329	0.249387173255198	0.254425128339579
9	0.232897075460895	0.31125005351144	0.19846179632776	0.257391074699905
