Pos	A	C	G	T
1	0.225991436025844	0.322025682742451	0.225991436025844	0.225991436025844
2	0.193044656009351	0.193044656009351	0.42086602279193	0.193044656009351
3	0.101650619284714	0.324438570233738	0.190432418213537	0.383478383087993
4	0.238730363668249	0.139596563615846	0.273602715636048	0.348070347899841
5	0.131997884176924	0.0887648507717265	0.000210764110952298	0.779026491760379
6	0.68500927580694	0.0942279800643924	0.0887648507717265	0.131997884176924
7	0.000210764110952298	0.999367698487127	0.000210764110952298	0.000210764110952298
8	0.000210764110952298	0.000210764110952298	0.999367698487127	0.000210764110952298
9	0.0242193257901041	0.81255268171968	0.0242193257901041	0.139008657520095
10	0.171955437536588	0.057166105806597	0.713712341670202	0.057166105806597
11	0.351903560921999	0.148560142531234	0.242577358484674	0.256958928882077
12	0.401811999433209	0.199395997128925	0.199395997128925	0.199395997128925
