Pos	A	C	G	T
1	0.332236842105263	0.00328947368421053	0.332236842105263	0.332236842105263
2	0.00165562913907285	0.00165562913907285	0.167218543046358	0.829470198675497
3	0.167218543046358	0.00165562913907285	0.829470198675497	0.00165562913907285
4	0.663907284768212	0.332781456953642	0.00165562913907285	0.00165562913907285
5	0.00165562913907285	0.00165562913907285	0.995033112582781	0.00165562913907285
6	0.00165562913907285	0.00165562913907285	0.00165562913907285	0.995033112582781
7	0.00165562913907285	0.995033112582781	0.00165562913907285	0.00165562913907285
8	0.995033112582781	0.00165562913907285	0.00165562913907285	0.00165562913907285
9	0.00328947368421053	0.332236842105263	0.00328947368421053	0.661184210526316
