Pos	A	C	G	T
1	0.249146433450349	0.210196080088566	0.239377262063179	0.301280224397906
2	0.204635393430145	0.226157085624146	0.228430002121551	0.340777518824158
3	0.144162337366138	0.169176070082181	0.107871424873334	0.578790167678347
4	0.24311664881329	0.0319298517827146	0.7087772939253	0.0161762054786955
5	0.0394510336054843	0.173306247641678	0.0182663441200999	0.768976374632738
6	0.20926277952073	0.104961202366075	0.238314392886378	0.447461625226817
7	0.194839453260036	0.110186667291466	0.29066630842861	0.404307571019888
8	0.318914381801129	0.191506676307718	0.209541680370579	0.280037261520574
9	0.193234016960897	0.34859192802352	0.224505897759421	0.233668157256162
