Pos	A	C	G	T
1	0.129995925830289	0.0982488072026621	0.0742548511047013	0.697500415862348
2	0.296601091616872	0.0525827495390809	0.556901347381942	0.0939148114621055
3	0.0961431553576503	0.105197368145017	0.0811125975341382	0.717546878963195
4	0.10054299627768	0.0767524616610673	0.108916927611431	0.713787614449821
5	0.109387682157369	0.0877856712000947	0.271754283616526	0.531072363026011
6	0.54088234554383	0.0800940668566251	0.180044092547779	0.198979495051766
7	0.0835160289155737	0.461756906504996	0.0951104241895271	0.359616640389903
8	0.313656723005081	0.208158362693673	0.199996356548671	0.278188557752576
9	0.168030480210351	0.255735931034153	0.146078681772338	0.430154906983159
10	0.40893897655674	0.0930899233366847	0.145994061104174	0.351977039002402
