Pos	A	C	G	T
1	0.275995660850142	0.194490855026636	0.230530953993899	0.298982530129323
2	0.229996537580808	0.218779474081997	0.208109473225344	0.343114515111851
3	0.122369239883681	0.101194360638763	0.0651728538644284	0.711263545613128
4	0.25678452624969	0.00274076564741802	0.733800588408631	0.00667411969426122
5	0.0697966021709918	0.101046956942516	0.028377180800023	0.800779260086469
6	0.169065632795725	0.0653846158688912	0.181324274340193	0.584225476995191
7	0.15287186513212	0.0744107252349153	0.289918569175416	0.482798840457549
8	0.414767497469738	0.145142804494763	0.180859071286399	0.259230626749101
9	0.122213201719808	0.382132372872043	0.209718692781648	0.285935732626501
