Pos	A	C	G	T
1	0.230686106562425	0.221640774945843	0.19657773291328	0.351095385578452
2	0.22352481276127	0.210507741036757	0.225771274476597	0.340196171725377
3	0.217733164855874	0.143060883546967	0.460941113558636	0.178264838038523
4	0.416069793738248	0.247362041788831	0.0791110862546176	0.257457078218304
5	0.321090010729801	0.107955757591703	0.0967104527542413	0.474243778924254
6	0.816564314481355	0.0356983931631967	0.0826905790356467	0.0650467133198018
7	0.0901435519505195	0.743525766476228	0.0470590606031715	0.119271620970081
8	0.620351473637123	0.0429607200426735	0.1015230849634	0.235164721356803
9	0.266398982424673	0.184010922819077	0.152169513375465	0.397420581380785
10	0.23054348827087	0.196456201621934	0.200424880150587	0.372575429956609
