Pos	A	C	G	T
1	0.226084078580118	0.2626722242234	0.287409192784524	0.223834504411958
2	0.225611217098392	0.256932457622421	0.218943397952686	0.298512927326501
3	0.428692775062922	0.124056923473683	0.337221680716099	0.110028620747296
4	0.0266608161018074	0.937479532073685	0.00811078717717173	0.0277488646473356
5	0.0405047298858977	0.935815885936057	0.00785710921842363	0.0158222749596214
6	0.188363325035217	0.619165545759031	0.0837949445339519	0.1086761846718
7	0.13406500243399	0.202011530014748	0.496868187638332	0.16705527991293
8	0.00776928628200473	0.49779000125314	0.192515814580942	0.301924897883913
9	0.666568654555393	0.0849568212600889	0.125479593302208	0.122994930882311
10	0.100618063930897	0.221701482452552	0.213008442986265	0.464672010630285
