Pos	A	C	G	T
1	0.288524695568915	0.19534762861029	0.291424416966799	0.224703258853996
2	0.177279486199242	0.364208863969323	0.214375147352439	0.244136502478996
3	0.0888747069609472	0.481654759411581	0.0934314106261439	0.336039123001328
4	0.565346977291202	0.179009640502464	0.117617715016723	0.138025667189611
5	0.680267543360741	0.129345376927038	0.119400831772502	0.0709862479397187
6	0.065302791045988	0.0488636994033016	0.0240235542809905	0.86180995526972
7	0.171793582218759	0.216219404277952	0.121060891286827	0.490926122216462
8	0.55003521078183	0.063432877281749	0.167332407138871	0.219199504797549
9	0.360280563107518	0.168491123691236	0.241503283664291	0.229725029536956
10	0.218579873882357	0.264317624539731	0.307093267139079	0.210009234438833
