Pos	A	C	G	T
1	0.159820920977828	0.297541216600341	0.485787379192723	0.0568504832291074
2	0.177908298597954	0.64759378552482	0.087059492231906	0.0874384236453202
3	0.0	0.000584795321637427	0.999415204678363	0.0
4	0.00029146021568056	0.000582920431361119	0.996211017196153	0.0029146021568056
5	0.994906127201281	0.0	0.0	0.00509387279871925
6	0.97448325017819	0.0082679971489665	0.000427655024946543	0.0168210976478974
7	0.307153576788394	0.00890445222611306	0.683941970985493	0.0
8	0.0440528634361234	0.0751157799615949	0.108663729809104	0.772167626793177
9	0.290157127737523	0.0586990148986404	0.556541561507775	0.0946022958560612
