Pos	A	C	G	T
1	0.583609629522848	0.0545624909903416	0.235836817067897	0.125991062418913
2	0.225342859489201	0.708384659604172	0.0635624538063563	0.002710027100271
3	0.00359333917616126	0.996406660823839	0.0	0.0
4	0.976550420889881	0.00120254251846762	0.0184676172478955	0.00377941934375537
5	0.0	0.00499153976311337	0.0331641285956007	0.961844331641286
6	0.963637904729615	0.0316155280556026	0.00474656721478217	0.0
7	0.00429258241758242	0.0191449175824176	0.00051510989010989	0.97604739010989
8	0.0	0.0	0.996668712194267	0.00333128780573332
9	0.00303676953381484	0.0638542350623769	0.704612606697308	0.2284963887065
10	0.125908861852998	0.234036426463178	0.0555755525160176	0.584479159167806
