Pos	A	C	G	T
1	0.667533890182117	0.04696699986307	0.242366150896892	0.0431329590579214
2	0.0156326570616485	0.888660197980986	0.0882583553856709	0.0074487895716946
3	0.000701402805611222	0.99874749498998	0.000551102204408818	0.0
4	0.0	0.0	1.0	0.0
5	0.0	0.0	1.0	0.0
6	0.984201431745248	0.00523327573438657	0.00740557886941496	0.00315971365095038
7	0.944438947160103	0.00826241836532753	0.00549178705719375	0.0418068474173758
8	0.0876293599080107	0.0432637025680337	0.867477960904561	0.0016289766193944
9	0.0152623976889745	0.15474241694752	0.0249398170438132	0.805055368319692
