Pos	A	C	G	T
1	0.56576169669596	0.0740340713829839	0.244832834208847	0.11537139771221
2	0.0455627337640258	0.819845857418112	0.115833616683668	0.0187577921341947
3	0.0420528664606934	0.944673303581646	0.0131021856047603	0.00017164435290079
4	0.0	0.0	1.0	0.0
5	0.0	0.0	1.0	0.0
6	0.974387724992623	0.00773089406904692	0.00914724107406314	0.00873413986426675
7	0.761857992951644	0.0318331503841932	0.0142700329308452	0.192038823733318
8	0.167222778333889	0.0716271827382939	0.75097319541764	0.0101768435101768
9	0.0370630504079097	0.23728996704306	0.070938462369658	0.654708520179372
