Pos	A	C	G	T
1	0.113764654798089	0.158054711246201	0.557099435518888	0.171081198436822
2	0.707828518173346	0.0358807082945014	0.240913327120224	0.0153774464119292
3	0.00176056338028169	0.00586854460093897	0.00938967136150235	0.982981220657277
4	0.0218609865470852	0.0213004484304933	0.923206278026906	0.0336322869955157
5	0.969275362318841	0.00811594202898551	0.0202898550724638	0.00231884057971015
6	0.0056980056980057	0.947578347578348	0.00113960113960114	0.0455840455840456
7	0.0288683602771363	0.00115473441108545	0.96189376443418	0.00808314087759815
8	0.0139372822299652	0.0	0.0168408826945412	0.969221835075494
9	0.0612472160356347	0.909799554565702	0.0122494432071269	0.0167037861915367
10	0.989342806394316	0.0	0.0106571936056838	0.0
11	0.00968399592252803	0.175840978593272	0.0249745158002039	0.789500509683996
12	0.122518159806295	0.73365617433414	0.0736077481840194	0.0702179176755448
13	0.476914414414414	0.0411036036036036	0.453265765765766	0.0287162162162162
