Pos	A	C	G	T
1	0.787592290260484	0.0361119910329199	0.150759034089525	0.0255366846170716
2	0.000216189505543717	0.000772105376941845	0.000772105376941845	0.998239599740573
3	0.0	0.000392204187533941	0.975140288420926	0.0244675073915405
4	0.997654176183715	0.00117291190814248	0.000740786468300512	0.000432125439841966
5	0.0165019466906259	0.968014375561545	0.0	0.0154836777478287
6	0.0147554573086488	0.000856590218292346	0.0912683061619232	0.893119646311136
7	0.0804519389087606	0.917560892522569	0.00147618236529836	0.000510986203372509
8	0.996731219933391	0.00120266436412976	0.00154187738990995	0.000524238312569385
9	0.101447204588598	0.178338878569533	0.0604600845053173	0.659753832336552
