Pos	A	C	G	T
1	0.547603833865815	0.0298189563365282	0.374866879659212	0.0477103301384452
2	0.356227634768556	0.462541844626573	0.170956943322175	0.0102735772826965
3	0.0	1.0	0.0	0.0
4	0.906066945606695	0.0	0.0845188284518829	0.0094142259414226
5	0.0	0.00502857142857143	0.00502857142857143	0.989942857142857
6	0.984765802637563	0.00852660300136426	0.00670759436107322	0.0
7	0.00834028356964137	0.0886155129274395	0.0	0.903044203502919
8	0.0	0.0	1.0	0.0
9	0.00646576607782011	0.176653966054728	0.456529269137513	0.360350998729939
10	0.0730310262529833	0.0531742243436754	0.046873508353222	0.826921241050119
