Pos	A	C	G	T
1	0.841128821531225	0.0270011323055483	0.09162964898528	0.0402403971779462
2	0.0185111859037814	0.955949316966937	0.0214808948723025	0.00405860225697882
3	0.0137628708329086	0.984504026914059	0.00173310225303293	0.0
4	0.0	0.0	1.0	0.0
5	0.00727981134010048	0.0	0.990156874807751	0.00256331385214806
6	0.991682070240296	0.00605873896077223	0.00154035736290819	0.000718833436023824
7	0.930884904569115	0.0100250626566416	0.00134952766531714	0.0577405051089261
8	0.224323774659345	0.0153548911938174	0.757677445596909	0.00264388854992882
9	0.010590015128593	0.151790216843167	0.0154311649016641	0.822188603126576
