Pos	A	C	G	T
1	0.0465116279069767	0.0930232558139535	0.0930232558139535	0.767441860465116
2	0.0465116279069768	0.0465116279069768	0.0	0.906976744186047
3	0.0930232558139535	0.604651162790698	0.0232558139534884	0.27906976744186
4	0.906976744186046	0.0465116279069768	0.0232558139534884	0.0232558139534884
5	0.0697674418604651	0.790697674418605	0.0232558139534884	0.116279069767442
6	0.0232558139534884	0.0	0.953488372093023	0.0232558139534884
7	0.0232558139534884	0.86046511627907	0.0930232558139535	0.0232558139534884
8	0.488372093023256	0.0465116279069767	0.0465116279069767	0.418604651162791
9	0.0232558139534884	0.0930232558139535	0.0232558139534884	0.86046511627907
10	0.0465116279069767	0.325581395348837	0.581395348837209	0.0465116279069767
11	0.837209302325581	0.0	0.13953488372093	0.0232558139534884
12	0.255813953488372	0.255813953488372	0.302325581395349	0.186046511627907
13	0.0232558139534884	0.116279069767442	0.0697674418604651	0.790697674418605
14	0.0232558139534884	0.0	0.395348837209302	0.581395348837209
