Pos	A	C	G	T
1	0.083520782396088	0.0737408312958435	0.138679706601467	0.704058679706602
2	0.0	0.0	0.0	1.0
3	0.00328984685195689	0.0110039705048213	0.0081678956324447	0.977538287010777
4	0.0258339885431877	0.0	0.00629001460181961	0.967875996854993
5	1.0	0.0	0.0	0.0
6	0.0	0.0383885727039393	0.0	0.961611427296061
7	0.0395675434685689	0.0	0.422982612572448	0.537449843958984
8	0.434515530829856	0.0	0.564209550301344	0.00127491886879926
9	0.0143908601559925	0.888718005053279	0.0389981324837965	0.0578930023069318
10	0.101739788199697	0.711800302571861	0.0835854765506808	0.102874432677761
