Pos	A	C	G	T
1	0.0282937365010799	0.782505399568035	0.0803455723542117	0.108855291576674
2	0.0243175040146823	0.0289057123193393	0.0504702913512273	0.896306492314751
3	0.497926216983191	0.402968784108273	0.0419122462344466	0.0571927526740886
4	0.984259480085857	0.00166944908180301	0.00667779632721202	0.00739327450512759
5	0.0	0.0	0.000242248062015504	0.999757751937985
6	0.0214977557287975	0.00307110796125679	0.00047247814788566	0.97495865816206
7	0.378967773200872	0.0	0.0	0.621032226799128
8	0.0995249406175772	0.0159144893111639	0.880760095011876	0.00380047505938242
9	0.0129032258064516	0.986140979689367	0.0002389486260454	0.000716845878136201
10	0.992544492544493	0.00216450216450216	0.0012025012025012	0.00408850408850409
11	0.000725864989112025	0.000725864989112025	0.0	0.998548270021776
12	0.983555767397522	0.00119161105815062	0.00119161105815062	0.0140610104861773
13	0.534145780639227	0.0379397562658082	0.013106461255461	0.414808001839503
14	0.16286207558028	0.134663341645885	0.0736619988490313	0.628812583924803
