Pos	A	C	G	T
1	0.0589530747077757	0.0263707719238805	0.0478852560844768	0.866790897283867
2	0.00252329192546584	0.00291149068322981	0.00142339544513458	0.99314182194617
3	0.00208035366012222	0.0	0.0	0.997919646339878
4	0.206575520833333	0.000651041666666667	0.0	0.7927734375
5	1.0	0.0	0.0	0.0
6	0.0	0.964820846905537	0.0	0.0351791530944625
7	0.000449409347714433	0.00128402670775552	0.985490498202363	0.0127760657421674
8	0.978330146590185	0.00369662205226259	0.0151688973868706	0.00280433397068196
9	0.0	0.878668418747262	0.0394843877104061	0.0818471935423315
10	0.0459090102348695	0.646453292314974	0.045968171330533	0.261669526119624
11	0.179620822203401	0.136686429083328	0.109713987881947	0.573978760831324
