Pos	A	C	G	T
1	0.714285714285714	0.0357142857142857	0.0	0.25
2	0.178571428571429	0.214285714285714	0.428571428571429	0.178571428571429
3	0.0357142857142857	0.0	0.178571428571429	0.785714285714286
4	0.464285714285714	0.0	0.428571428571429	0.107142857142857
5	0.107142857142857	0.0	0.892857142857143	0.0
6	0.0	0.0	0.964285714285714	0.0357142857142857
7	0.0357142857142857	0.0	0.178571428571429	0.785714285714286
8	0.0357142857142857	0.714285714285714	0.178571428571429	0.0714285714285714
9	0.892857142857143	0.0714285714285714	0.0	0.0357142857142857
10	0.142857142857143	0.642857142857143	0.0714285714285714	0.142857142857143
11	0.214285714285714	0.357142857142857	0.25	0.178571428571429
12	0.142857142857143	0.142857142857143	0.535714285714286	0.178571428571429
13	0.0357142857142857	0.0	0.0357142857142857	0.928571428571429
14	0.0	0.107142857142857	0.821428571428572	0.0714285714285714
15	0.821428571428571	0.142857142857143	0.0357142857142857	0.0
16	0.0357142857142857	0.928571428571429	0.0	0.0357142857142857
17	0.0	0.964285714285714	0.0357142857142857	0.0
18	0.0	0.321428571428571	0.0	0.678571428571429
19	0.892857142857143	0.0	0.0	0.107142857142857
