Pos	A	C	G	T
1	0.820399538993469	0.0147906262005378	0.131002689204764	0.0338071456012293
2	0.0903129098744613	0.085253887952033	0.800262319655237	0.0241708825182687
3	0.0	0.00326721120186698	0.996732788798133	0.0
4	0.000438020148926851	0.0641699518177836	0.0	0.93539202803329
5	0.0	0.000468055230517201	0.999531944769483	0.0
6	0.0185411572942135	0.107579462102689	0.00366748166259169	0.870211898940505
7	0.0151235086540077	0.146698033943875	0.717694505125189	0.120483952276928
8	0.992102206736353	0.000929152148664344	0.00580720092915215	0.00116144018583043
9	0.775699237195786	0.0617508172902288	0.0771885216127861	0.0853614239011987
