Pos	A	C	G	T
1	0.62575210589651	0.0252707581227437	0.305655836341757	0.0433212996389892
2	0.385796545105566	0.236084452975048	0.370441458733205	0.00767754318618042
3	0.00760456273764259	0.988593155893536	0.00380228136882129	0.0
4	0.898100172711572	0.0	0.0829015544041451	0.0189982728842832
5	0.00378787878787879	0.00378787878787879	0.00757575757575758	0.984848484848485
6	0.996168582375479	0.0	0.00383141762452107	0.0
7	0.014336917562724	0.043010752688172	0.010752688172043	0.931899641577061
8	0.0	0.0	0.988593155893536	0.0114068441064639
9	0.00767754318618042	0.190019193857965	0.439539347408829	0.362763915547025
10	0.0284167794316644	0.232746955345061	0.0351826792963464	0.703653585926928
