Pos	A	C	G	T
1	0.00567536889897843	0.0	0.993189557321226	0.00113507377979569
2	0.00112994350282486	0.00677966101694915	0.00338983050847458	0.988700564971752
3	0.0118279569892473	0.0462365591397849	0.0010752688172043	0.940860215053763
4	0.0387931034482759	0.00969827586206897	0.942887931034483	0.00862068965517241
5	0.0	0.994318181818182	0.00340909090909091	0.00227272727272727
6	0.00561167227833894	0.469135802469136	0.0123456790123457	0.51290684624018
7	0.408256880733945	0.1	0.0981651376146789	0.393577981651376
8	0.494394618834081	0.0123318385650224	0.486547085201794	0.00672645739910314
9	0.00340522133938706	0.00340522133938706	0.993189557321226	0.0
10	0.00969827586206897	0.942887931034483	0.00754310344827586	0.0398706896551724
11	0.936830835117773	0.00107066381156317	0.0481798715203426	0.0139186295503212
12	0.987584650112867	0.00338600451467269	0.00790067720090293	0.00112866817155756
13	0.00113378684807256	0.992063492063492	0.00113378684807256	0.00566893424036281
