Pos	A	C	G	T
1	0.145545191379865	0.173528465744612	0.318055108823845	0.362871234051678
2	0.355299877600979	0.0799020807833537	0.557992656058751	0.00680538555691554
3	0.000803255863767806	0.0	0.000321302345507122	0.998875441790725
4	0.000558092338914257	0.000405885337392187	0.0526636225266362	0.946372399797057
5	0.912171744339576	9.78042936084894e-05	0.087730451366815	0.0
6	0.000426075841499787	0.794759267149553	0.00195994887089902	0.202854708138049
7	0.100197695163701	0.0	0.899416558175418	0.000385746660880467
8	0.0	0.0463464486458866	0.000510986203372509	0.953142565150741
9	0.933350012509382	0.0646985238929197	0.000900675506629972	0.0010507880910683
10	0.998340826375508	0.000107043459644616	0.000856347677156926	0.000695782487690002
11	0.0059475165713248	0.356442386270771	0.147189684917824	0.49042041224008
12	0.272113219684786	0.228262034952289	0.31435617025839	0.185268575104535
