Pos	A	C	G	T
1	0.551636042055616	0.0259408470079591	0.300677999410435	0.12174511152599
2	0.0710574975785859	0.0766047371665052	0.167737958968037	0.684599806286872
3	0.0	0.999662428266006	0.000337571733993474	0.0
4	0.99957888826502	0.0	0.000421111734980348	0.0
5	0.0	1.0	0.0	0.0
6	0.0	0.0	1.0	0.0
7	0.0	0.0	0.00128877842216699	0.998711221577833
8	0.0	0.000257687682528775	0.999656416423295	8.58958941762584e-05
9	0.748845470692718	0.117673179396092	0.0652753108348135	0.0682060390763766
10	0.0808899483512118	0.3124354390147	0.0142232816845451	0.592451330949543
