Pos	A	C	G	T
1	0.0144189991518236	0.0466497031382528	0.543681085665819	0.395250212044105
2	0.842845326716294	0.0281224152191894	0.129032258064516	0.0
3	0.0	0.0	0.00183150183150183	0.998168498168498
4	0.0	0.0	0.0	1.0
5	0.0393890675241158	0.0	0.960610932475884	0.0
6	0.0	0.996768982229402	0.00323101777059774	0.0
7	0.688210227272727	0.00142045454545455	0.310369318181818	0.0
8	0.000896860986547085	0.0	0.0	0.999103139013453
9	0.00264084507042254	0.996478873239437	0.0	0.000880281690140845
10	0.998118532455315	0.0	0.00188146754468485	0.0
11	0.0	0.0567796610169492	0.0754237288135593	0.867796610169492
12	0.146589259796807	0.554426705370102	0.23367198838897	0.0653120464441219
13	0.0933988764044944	0.650983146067416	0.0259831460674157	0.229634831460674
14	0.169216061185468	0.139579349904398	0.119502868068834	0.5717017208413
