Pos	A	C	G	T
1	0.650081300813008	0.047479674796748	0.23609756097561	0.0663414634146341
2	0.467941059338909	0.328554360812425	0.197132616487455	0.00637196336121067
3	0.117077464788732	0.879841549295775	0.00132042253521127	0.00176056338028169
4	0.908636363636364	0.00181818181818182	0.0722727272727273	0.0172727272727273
5	0.0	0.00195503421309873	0.0210166177908113	0.97702834799609
6	0.977984344422701	0.0171232876712329	0.00489236790606654	0.0
7	0.0155733836715432	0.0396413402548372	0.00141576215195847	0.943369513921661
8	0.0	0.0	0.898830935251799	0.101169064748201
9	0.00319926873857404	0.0827239488117002	0.476234003656307	0.437842778793419
10	0.051272166538165	0.110254433307633	0.0678488820354665	0.770624518118736
