Pos	A	C	G	T
1	0.251592356687898	0.248407643312102	0.340764331210191	0.159235668789809
2	0.0682302771855011	0.166311300639659	0.159914712153518	0.605543710021322
3	0.0371057513914657	0.0	0.723562152133581	0.239332096474954
4	0.286604361370716	0.644859813084112	0.00623052959501558	0.0623052959501558
5	0.025830258302583	0.88929889298893	0.0590405904059041	0.025830258302583
6	0.996732026143791	0.0	0.0	0.00326797385620915
7	0.0	1.0	0.0	0.0
8	0.00663716814159292	0.0	0.988938053097345	0.00442477876106195
9	0.00264550264550265	0.00264550264550265	0.0	0.994708994708995
10	0.0374531835205993	0.917602996254682	0.0299625468164794	0.0149812734082397
11	0.9375	0.00625	0.0375	0.01875
12	0.022508038585209	0.369774919614148	0.090032154340836	0.517684887459807
13	0.176151761517615	0.569105691056911	0.0948509485094851	0.159891598915989
14	0.383870967741935	0.161290322580645	0.316129032258064	0.138709677419355
