Pos	A	C	G	T
1	0.310370528109029	0.148211243611584	0.187659710391823	0.353758517887564
2	0.296851723110537	0.0599860959380276	0.632336875558645	0.0108253053927898
3	0.197023445463812	0.11539245667686	0.0353516819571865	0.652232415902141
4	0.471304778410498	0.369893538004457	0.00267392919039366	0.156127754394652
5	0.977255804508224	0.00778447167129222	0.00798754484532593	0.00697217897515738
6	0.974819415378384	0.00668331870654155	0.00958617430635253	0.00891109160872207
7	0.0	0.0814461118690314	0.00218281036834925	0.916371077762619
8	0.91192850667012	0.00479212537236109	0.0825670249967621	0.000712342960756379
9	0.0153570755605804	0.00518183531185227	0.00725456943659318	0.972206519690974
10	0.00942862530643032	0.00480859890627946	0.0108429191023949	0.974919856684895
11	0.0778337423048775	0.00189418399414525	0.477592664341986	0.442679409358991
12	0.69091849935317	0.0248382923673997	0.0917981888745149	0.192445019404916
13	0.012763186455394	0.625265899717821	0.0633818102886911	0.298589103538094
14	0.436873189213283	0.132828170269668	0.155504791620236	0.274793848896813
