Pos	A	C	G	T
1	0.0755608028335301	0.622195985832349	0.132231404958678	0.170011806375443
2	0.099290780141844	0.0567375886524823	0.687943262411348	0.156028368794326
3	0.034324942791762	0.0640732265446224	0.0297482837528604	0.871853546910755
4	0.0455927051671733	0.00911854103343465	0.945288753799392	0.0
5	0.0	0.0224438902743142	0.027431421446384	0.950124688279302
6	0.0441176470588235	0.0382352941176471	0.917647058823529	0.0
7	0.00925925925925926	0.0185185185185185	0.959876543209877	0.0123456790123457
8	0.0340909090909091	0.0198863636363636	0.883522727272727	0.0625
9	0.0304709141274238	0.0332409972299169	0.85595567867036	0.0803324099722992
10	0.812600969305331	0.0904684975767367	0.0646203554119548	0.0323101777059774
11	0.702985074626866	0.0641791044776119	0.0582089552238806	0.174626865671642
12	0.569083447332421	0.127222982216142	0.0875512995896033	0.216142270861833
