Pos	A	C	G	T
1	0.0	0.00195121951219512	0.00195121951219512	0.99609756097561
2	0.0171080384344973	0.0	0.982891961565503	0.0
3	0.0	0.0	0.00191265540325151	0.998087344596749
4	0.0	0.0	0.0	1.0
5	0.0	0.0	0.353102574926129	0.646897425073871
6	0.998706617805562	0.0	0.00129338219443846	0.0
7	0.0	0.859991235758107	0.0	0.140008764241893
8	0.906899255194042	0.0258722069776558	0.0315562524500196	0.035672285378283
9	0.0126634549208534	0.520715760495526	0.175636613902271	0.290984170681349
10	0.235955056179775	0.0	0.0	0.764044943820225
11	0.0	0.0	0.0	1.0
12	0.0141588672906168	0.0	0.98488120950324	0.000959923206143509
13	0.00244926522043387	0.0	0.0	0.997550734779566
14	0.0	0.00235452404978137	0.0	0.997645475950219
15	0.0	0.0	0.0	1.0
16	0.979527888030082	0.00146229371213704	0.0190098182577815	0.0
17	0.00200114351057747	0.151229273870783	0.00743281875357347	0.839336763865066
