Pos	A	C	G	T
1	0.00378787878787879	0.0	0.00378787878787879	0.992424242424242
2	0.0	0.0	1.0	0.0
3	0.0	0.0	0.0	1.0
4	0.0	0.0	0.0	1.0
5	0.0	0.0	0.0	1.0
6	0.993610223642173	0.0	0.0	0.00638977635782748
7	0.0	0.959227467811159	0.0	0.0407725321888412
8	0.383248730964467	0.284263959390863	0.0050761421319797	0.32741116751269
9	0.761904761904762	0.0782312925170068	0.112244897959184	0.0476190476190476
10	0.0	0.00796812749003984	0.0	0.99203187250996
11	0.0	0.0	0.0	1.0
12	0.0210526315789474	0.0	0.978947368421053	0.0
13	0.008	0.0	0.0	0.992
14	0.0	0.0	0.0	1.0
15	0.0	0.0	0.0197628458498024	0.980237154150198
16	0.9625	0.0	0.028125	0.009375
17	0.00495049504950495	0.418316831683168	0.0	0.576732673267327
