Pos	A	C	G	T
1	0.0518138170178714	0.0493464923979728	0.0393438250200053	0.85949586556415
2	0.186453829952333	0.0337545726637845	0.714388648708569	0.0654029486753132
3	0.0617954070981211	0.027696590118302	0.0135699373695198	0.896938065414057
4	0.0239096745627629	0.00885543502324552	0.0160873736255627	0.951147516788429
5	0.00288819639735502	0.0034962377441666	0.0139849509766664	0.979630614881812
6	0.61865189289012	0.00184672206832872	0.373114804555248	0.00638658048630348
7	0.00560908960161082	0.0641449733927801	0.00337983604199626	0.926866100963613
8	0.0195824334053276	0.0185745140388769	0.0339092872570194	0.927933765298776
9	0.00872972229859775	0.0101044817156998	0.095202089634314	0.885963706351389
10	0.724467427350908	0.0116350963970547	0.111910516553313	0.151986959698724
11	0.107742217231268	0.441075550564602	0.0881527231892195	0.36302950901491
