Pos	A	C	G	T
1	0.0	0.0324825986078886	0.0	0.967517401392111
2	0.0402576489533011	0.0305958132045089	0.917874396135266	0.0112721417069243
3	0.0	0.0734966592427617	0.0066815144766147	0.919821826280624
4	0.00216450216450216	0.0194805194805195	0.0844155844155844	0.893939393939394
5	0.0334645669291339	0.0196850393700787	0.188976377952756	0.757874015748031
6	0.778699861687414	0.029045643153527	0.029045643153527	0.163208852005533
7	0.0259433962264151	0.0	0.0	0.974056603773585
8	0.180277349768875	0.012326656394453	0.799691833590139	0.00770416024653313
9	0.0137614678899083	0.0	0.0275229357798165	0.958715596330275
10	0.0659340659340659	0.0197802197802198	0.0	0.914285714285714
11	0.0566893424036281	0.00680272108843537	0.00453514739229025	0.931972789115646
12	0.854285714285714	0.0285714285714286	0.08	0.0371428571428571
13	0.00170648464163823	0.774744027303754	0.00170648464163823	0.221843003412969
