Pos	A	C	G	T
1	0.285067873303167	0.260935143288084	0.14630467571644	0.307692307692308
2	0.143072289156627	0.365963855421687	0.206325301204819	0.284638554216867
3	0.0	0.503770739064857	0.0	0.496229260935143
4	0.882822902796272	0.0133155792276964	0.0798934753661784	0.0239680426098535
5	1.0	0.0	0.0	0.0
6	0.0	0.0045045045045045	0.0	0.995495495495496
7	0.0	0.116580310880829	0.0246113989637306	0.85880829015544
8	0.900815217391304	0.0	0.014945652173913	0.0842391304347826
9	0.34841628959276	0.232277526395173	0.214177978883861	0.205128205128205
10	0.19578313253012	0.390060240963855	0.20933734939759	0.204819277108434
