Pos	A	C	G	T
1	0.268875838926175	0.0763422818791946	0.3125	0.342281879194631
2	0.136516853932584	0.0606741573033708	0.13314606741573	0.669662921348315
3	0.00786749482401656	0.00041407867494824	0.00455486542443064	0.987163561076605
4	0.0095554632322393	0.0	0.0	0.990444536767761
5	0.152895480225989	0.00211864406779661	0.00317796610169492	0.84180790960452
6	0.996655518394649	0.0	0.00250836120401338	0.000836120401337793
7	0.0029940119760479	0.793080505655356	0.000332667997338656	0.203592814371257
8	0.0990531682447196	0.00400582665695557	0.868171886380189	0.0287691187181355
9	0.940805051302289	0.00236779794790845	0.05327545382794	0.00355169692186267
10	0.00188465887674331	0.05352431209951	0.89860535243121	0.0459856765925368
11	0.161073825503356	0.361577181208054	0.361157718120805	0.116191275167785
