Pos	A	C	G	T
1	0.97752808988764	0.0	0.0112359550561798	0.0112359550561798
2	0.0	0.0	0.0	1.0
3	0.0	0.97752808988764	0.0224719101123595	0.0
4	1.0	0.0	0.0	0.0
5	0.0113636363636364	0.988636363636364	0.0	0.0
6	0.0	0.0	0.0113636363636364	0.988636363636364
7	0.0113636363636364	0.0	0.988636363636364	0.0
8	0.371859296482412	0.50251256281407	0.100502512562814	0.0251256281407035
9	1.0	0.0	0.0	0.0
10	0.00564971751412429	0.672316384180791	0.0112994350282486	0.310734463276836
11	1.0	0.0	0.0	0.0
12	0.0	0.0	0.0	1.0
13	0.0	0.0	0.0	1.0
14	0.0	0.0	1.0	0.0
15	1.0	0.0	0.0	0.0
16	0.0	0.0	0.0	1.0
