Pos	A	C	G	T
1	0.429961089494163	0.163424124513619	0.12568093385214	0.280933852140078
2	0.988081507112649	0.00269127258746636	0.000768935024990388	0.00845828527489427
3	0.0	0.0	0.0	1.0
4	0.0	1.0	0.0	0.0
5	0.998445998445998	0.00155400155400155	0.0	0.0
6	0.012677679600461	0.987322320399539	0.0	0.0
7	0.0	0.0015527950310559	0.00077639751552795	0.997670807453416
8	0.290661478599222	0.0	0.709338521400778	0.0
9	0.404280155642023	0.401556420233463	0.0875486381322957	0.106614785992218
10	0.689105058365759	0.310894941634241	0.0	0.0
11	1.0	0.0	0.0	0.0
12	0.0	0.000777604976671851	0.0	0.999222395023328
13	0.0	0.0	0.0	1.0
14	0.0	0.0	1.0	0.0
15	0.998445998445998	0.0	0.000388500388500389	0.00116550116550117
16	0.0	0.0	0.000777604976671851	0.999222395023328
17	0.2284046692607	0.132684824902724	0.157198443579767	0.481712062256809
