Pos	A	C	G	T
1	0.0	0.996608527131783	0.000968992248062015	0.00242248062015504
2	0.999514091350826	0.000485908649173955	0.0	0.0
3	0.997091614154144	0.0	0.00290838584585555	0.0
4	0.000485672656629432	0.000485672656629432	0.0	0.999028654686741
5	0.000962927298988926	0.00192585459797785	0.990370727010111	0.00674049109292248
6	0.102090422946038	0.128828390860476	0.312105007292173	0.456976178901313
7	0.187358062074186	0.0287660862982589	0.00529901589704769	0.778576835730507
8	0.996608527131783	0.0	0.00339147286821705	0.0
9	0.00143523501973448	0.0	0.260495156081808	0.738069608898457
10	0.0157517899761337	0.0	0.00238663484486874	0.981861575178998
11	0.0	0.00531914893617021	0.99468085106383	0.0
12	0.0765508139023317	0.00923889133304004	0.00923889133304004	0.904971403431588
