Pos	A	C	G	T
1	0.252285191956124	0.113345521023766	0.471663619744059	0.162705667276051
2	0.247252747252747	0.0256410256410256	0.615384615384615	0.111721611721612
3	0.0134078212290503	0.610055865921788	0.232402234636872	0.14413407821229
4	0.69910371318822	0.244558258642766	0.0486555697823303	0.00768245838668374
5	0.0432900432900433	0.444444444444444	0.168831168831169	0.343434343434343
6	0.00182815356489945	0.998171846435101	0.0	0.0
7	0.998171846435101	0.0	0.00182815356489945	0.0
8	0.00155763239875389	0.0763239875389408	0.850467289719626	0.0716510903426791
9	0.043261231281198	0.908485856905158	0.0482529118136439	0.0
10	0.0	0.00182815356489945	0.0	0.998171846435101
11	0.0	0.0	0.996350364963504	0.00364963503649635
12	0.382916053019146	0.14580265095729	0.42120765832106	0.0500736377025037
13	0.0	0.0570687418936446	0.234760051880674	0.708171206225681
14	0.141069397042093	0.195676905574517	0.621160409556314	0.0420932878270762
15	0.0604395604395604	0.661172161172161	0.0366300366300366	0.241758241758242
16	0.192307692307692	0.415750915750916	0.0989010989010989	0.293040293040293
