Pos	A	C	G	T
1	0.196449026345934	0.107674684994273	0.438144329896907	0.257731958762887
2	0.2750569476082	0.00284738041002278	0.719248291571754	0.00284738041002278
3	0.0	0.00512820512820513	0.0	0.994871794871795
4	0.0321817321344061	0.132039753904401	0.826313298627544	0.00946521533364884
5	0.0356359649122807	0.0	0.957236842105263	0.00712719298245614
6	0.00505050505050505	0.801652892561983	0.0798898071625344	0.113406795224977
7	0.0392370572207085	0.00708446866485014	0.95149863760218	0.00217983651226158
8	0.0	0.0152284263959391	0.0	0.984771573604061
9	0.0	0.0	0.990919409761635	0.00908059023836549
10	0.794358507734304	0.00181983621474067	0.0900818926296633	0.113739763421292
11	0.00441176470588235	0.301838235294118	0.0518382352941177	0.641911764705882
12	0.163230240549828	0.29495990836197	0.320733104238259	0.221076746849943
