Pos	A	C	G	T
1	0.332586225081742	0.0980909186794642	0.541345849593925	0.0279770066448687
2	0.0118478547757999	0.0102055778761841	0.00598258013431479	0.971963987213701
3	0.00428184281842818	0.0186991869918699	0.0788346883468835	0.898184281842818
4	0.871404532786454	0.00255034968712205	0.121601724772572	0.00444339275385182
5	0.00194414523290334	0.870740614244805	0.00648924152063684	0.120825999001655
6	0.114244779920936	0.00443076596534982	0.879334589159216	0.00198986495449842
7	0.00578691470246274	0.117482295740408	0.000951273649719903	0.875779515907409
8	0.893029396707353	0.0836903510899146	0.0172446312612831	0.00603562094144909
9	0.971736007271235	0.00480839710323394	0.0113466443838508	0.0121089512416806
10	0.0244954104171627	0.545062561172394	0.0987487765521255	0.331693251858318
