Pos	A	C	G	T
1	0.458797585886722	0.0906453110492108	0.104688950789229	0.345868152274838
2	0.316375746440055	0.0880799265043638	0.115870463941203	0.479673863114378
3	0.0455638695884554	0.0215125601282737	0.00668091929449492	0.926242650988776
4	0.174642270701384	0.00457424349049965	0.813042458362655	0.00774102744546094
5	0.00398974066685665	0.00555713878597891	0.00270732402393844	0.987745796523226
6	0.0148631754410335	0.0	0.0222253090707043	0.962911515488262
7	0.00416107382550336	0.00161073825503356	0.063758389261745	0.930469798657718
8	0.796598483107332	0.00632038611813376	0.0864169156515743	0.11066421512296
9	0.0116310706026391	0.471500476125697	0.018432866276697	0.498435586994967
10	0.26933064050779	0.119590305828044	0.121465666474322	0.489613387189844
11	0.0275760326827054	0.169768497503404	0.0160009078529278	0.786654561960962
12	0.553335209681959	0.00816211652124965	0.0163242330424993	0.422178440754292
13	0.482619356699841	0.0702437617193134	0.273330448579259	0.173806433001587
