Pos	A	C	G	T
1	0.167451244115669	0.328850033624748	0.22595830531271	0.277740416946873
2	0.847119224187108	0.103822019395322	0.0473474044495151	0.00171135196805476
3	0.00419161676646707	0.0119760479041916	0.00359281437125748	0.980239520958084
4	0.209744503862151	0.0089126559714795	0.779560308972074	0.0017825311942959
5	0.0822264389626818	0.849462365591398	0.0468058191018343	0.021505376344086
6	0.0480880648899189	0.00869061413673233	0.736384704519119	0.206836616454229
7	0.0	0.00138026224982747	0.998619737750173	0.0
8	0.00273224043715847	0.00341530054644809	0.988387978142076	0.00546448087431694
9	0.123893805309735	0.289085545722714	0.0283185840707965	0.558702064896755
10	0.368281353682814	0.174518911745189	0.262110152621102	0.195089581950896
11	0.25224602626123	0.257083621285418	0.266758811333794	0.223911541119558
12	0.20852764823451	0.245836109260493	0.156562291805463	0.389073950699534
13	0.577524038461538	0.0252403846153846	0.298076923076923	0.0991586538461538
14	0.00546821599453178	0.989747095010253	0.00410116199589884	0.000683526999316473
15	0.00137174211248285	0.997256515775034	0.00137174211248285	0.0
16	0.206583427922815	0.713961407491487	0.0187287173666288	0.0607264472190692
17	0.0330999363462763	0.0579248886059835	0.86569064290261	0.0432845321451305
18	0.00233644859813084	0.757593457943925	0.0157710280373832	0.224299065420561
19	0.972222222222222	0.00472813238770686	0.0118203309692671	0.0112293144208038
20	0.00671892497200448	0.0576707726763718	0.093505039193729	0.842105263157895
21	0.256720430107527	0.227822580645161	0.370967741935484	0.144489247311828
