Pos	A	C	G	T
1	0.386943620178042	0.174480712166172	0.165776458951533	0.272799208704253
2	0.387141444114738	0.147774480712166	0.175272007912957	0.289812067260138
3	0.15525308379413	0.288671487310364	0.128030625265844	0.428044803629661
4	0.0365923384791309	0.0	0.963407661520869	0.0
5	0.551706910907577	0.147210657785179	0.0109908409658618	0.290091590341382
6	0.0737313864392077	0.150643342489519	0.0448171172473616	0.730808153823912
7	0.833883206862422	0.00362916529198284	0.136588584625536	0.0258990432200594
8	0.000375445841937301	0.948939365496527	0.00638257931293411	0.0443026093486015
9	0.596600967780007	0.06078130532279	0.149415791337189	0.193201935560014
10	0.233234421364985	0.234025717111771	0.135707220573689	0.397032640949555
11	0.213296398891967	0.265334388603087	0.210328452710724	0.311040759794222
