Pos	A	C	G	T
1	0.119718309859155	0.288732394366197	0.22887323943662	0.362676056338028
2	0.84272997032641	0.118694362017804	0.0178041543026706	0.0207715133531157
3	0.0	0.013745704467354	0.0103092783505155	0.975945017182131
4	0.0618892508143322	0.00325732899022801	0.925081433224756	0.00977198697068404
5	0.0136054421768707	0.965986394557823	0.0204081632653061	0.0
6	0.0408163265306122	0.0127551020408163	0.221938775510204	0.724489795918367
7	0.0135135135135135	0.00337837837837838	0.959459459459459	0.0236486486486486
8	0.0104166666666667	0.0	0.986111111111111	0.00347222222222222
9	0.0337078651685393	0.106741573033708	0.0617977528089888	0.797752808988764
10	0.871165644171779	0.049079754601227	0.0613496932515337	0.0184049079754601
11	0.023728813559322	0.96271186440678	0.0135593220338983	0.0
12	0.0	0.996491228070175	0.0	0.00350877192982456
13	0.0623052959501558	0.884735202492212	0.0311526479750779	0.0218068535825545
14	0.042483660130719	0.00980392156862745	0.928104575163399	0.0196078431372549
15	0.0102739726027397	0.972602739726027	0.0136986301369863	0.00342465753424658
16	0.956228956228956	0.0	0.0336700336700337	0.0101010101010101
17	0.0	0.0297029702970297	0.033003300330033	0.937293729372937
18	0.445614035087719	0.0982456140350877	0.333333333333333	0.12280701754386
