Pos	A	C	G	T
1	0.053822629969419	0.0403669724770642	0.0128440366972477	0.892966360856269
2	0.0170347003154574	0.0460567823343849	0.921135646687697	0.0157728706624606
3	0.842956120092379	0.0207852193995381	0.0277136258660508	0.108545034642032
4	0.0210664911125741	0.961158657011192	0.00197498354180382	0.0157998683344305
5	0.946822308690013	0.00389105058365759	0.0440985732814527	0.00518806744487678
6	0.0246542393265183	0.0974143114852676	0.604930847865304	0.27300060132291
7	0.0727444496929617	0.689655172413793	0.189418989135569	0.048181388757676
8	0.004	0.0166666666666667	0.006	0.973333333333333
9	0.0133155792276964	0.00532623169107856	0.972037283621838	0.00932090545938748
10	0.0660493827160494	0.0179012345679012	0.0148148148148148	0.901234567901235
11	0.00804828973843058	0.979208584842388	0.0127431254191818	0.0
12	0.924050632911392	0.00822784810126582	0.0284810126582278	0.0392405063291139
