Pos	A	C	G	T
1	0.066951566951567	0.145299145299145	0.131054131054131	0.656695156695157
2	0.00269179004037685	0.0497981157469717	0.00269179004037685	0.944818304172275
3	0.00282087447108604	0.00282087447108604	0.990126939351199	0.00423131170662906
4	0.00424328147100424	0.678925035360679	0.00282885431400283	0.314002828854314
5	0.00280504908835905	0.00280504908835905	0.984572230014025	0.00981767180925666
6	0.00282087447108604	0.0	0.990126939351199	0.00705218617771509
7	0.0	0.0	0.00425531914893617	0.995744680851064
8	0.0136986301369863	0.0219178082191781	0.00273972602739726	0.961643835616438
9	0.823943661971831	0.00821596244131455	0.00938967136150235	0.158450704225352
10	0.554940711462451	0.0482213438735178	0.0482213438735178	0.348616600790514
11	0.0124137931034483	0.0151724137931034	0.00413793103448276	0.968275862068966
12	0.0	0.0028328611898017	0.994334277620397	0.0028328611898017
13	0.0	0.524357239512855	0.0006765899864682	0.474966170500677
14	0.0	0.0	1.0	0.0
15	0.0	0.0	0.997159090909091	0.00284090909090909
16	0.0	0.00847457627118644	0.0	0.991525423728814
17	0.0273170731707317	0.205853658536585	0.0819512195121951	0.684878048780488
18	0.474358974358974	0.00142450142450142	0.15954415954416	0.364672364672365
