Pos	A	C	G	T
1	0.378228782287823	0.30719557195572	0.249077490774908	0.0654981549815498
2	0.920271416454623	0.0339270568278202	0.0229007633587786	0.0229007633587786
3	0.0	0.996326905417815	0.000918273645546373	0.00275482093663912
4	0.995412844036697	0.0018348623853211	0.0	0.00275229357798165
5	0.893739703459638	0.0914332784184514	0.0057660626029654	0.00906095551894563
6	0.0	0.00183318056828598	0.00366636113657195	0.994500458295142
7	0.0160714285714286	0.00535714285714286	0.96875	0.00982142857142857
8	0.155760368663594	0.407373271889401	0.258986175115207	0.177880184331797
9	0.15668202764977	0.285714285714286	0.03963133640553	0.517972350230415
10	0.991773308957952	0.00274223034734918	0.00182815356489945	0.0036563071297989
11	0.00687285223367698	0.0197594501718213	0.0412371134020619	0.93213058419244
12	0.0118074477747502	0.00272479564032698	0.0	0.985467756584923
13	0.00275482093663912	0.000918273645546373	0.996326905417815	0.0
14	0.0353535353535354	0.0378787878787879	0.0134680134680135	0.913299663299663
15	0.065377532228361	0.236648250460405	0.293738489871087	0.404235727440147
