Pos	A	C	G	T
1	0.50061804697157	0.123197362999588	0.259579728059332	0.11660486196951
2	0.00123406005758947	0.599341834635952	0.399012751953928	0.000411353352529823
3	0.0	0.873021582733813	0.00107913669064748	0.12589928057554
4	0.175313665649373	0.000678195998643608	0.822990844354018	0.00101729399796541
5	0.00529531568228106	0.00366598778004073	0.00244399185336049	0.988594704684318
6	0.178054527095254	0.00201952204644901	0.816896667788623	0.00302928306967351
7	0.898556090336912	0.00111069974083673	0.0233246945575713	0.0770085153646797
8	0.000411522633744856	0.998765432098765	0.000411522633744856	0.000411522633744856
9	0.00288421920065925	0.634528224145035	0.360527400082406	0.00206015657189946
10	0.0	0.0	0.999176615891313	0.000823384108686702
11	0.136256323777403	0.0441821247892074	0.00101180438448567	0.818549747048904
12	0.00238257317903336	0.826072157930565	0.0	0.171545268890402
13	0.991826726604005	0.00122599100939926	0.00286064568859828	0.00408663669799755
14	0.00180310133429499	0.875225387666787	0.000721240533717995	0.1222502704652
15	0.137637460092231	0.00106420716566158	0.86094359702022	0.000354735721887194
16	0.00110253583241455	0.891951488423374	0.104373392135244	0.00257258360896729
17	0.237644151565074	0.400329489291598	0.0869028006589786	0.275123558484349
