Pos	A	C	G	T
1	0.351931330472103	0.133047210300429	0.283261802575107	0.231759656652361
2	0.0	0.932	0.016	0.052
3	0.958847736625514	0.0123456790123457	0.00823045267489712	0.0205761316872428
4	0.844202898550725	0.0833333333333333	0.0217391304347826	0.0507246376811594
5	0.0	0.0	0.0	1.0
6	0.0	0.0245901639344262	0.954918032786885	0.0204918032786885
7	0.115384615384615	0.290598290598291	0.230769230769231	0.363247863247863
8	0.206008583690987	0.244635193133047	0.133047210300429	0.416309012875536
9	0.962809917355372	0.00413223140495868	0.0330578512396694	0.0
10	0.049645390070922	0.0106382978723404	0.113475177304965	0.826241134751773
11	0.0198412698412698	0.0238095238095238	0.0317460317460317	0.924603174603175
12	0.0	0.00427350427350427	0.995726495726496	0.0
13	0.158119658119658	0.239316239316239	0.188034188034188	0.414529914529915
