Pos	A	C	G	T
1	0.0886731391585761	0.056957928802589	0.30722761596548	0.547141316073355
2	0.131606990622336	0.120204603580563	0.254156010230179	0.494032395566922
3	0.0509492130455947	0.142625344799611	0.0541943858510466	0.752231056303748
4	0.0109555690809495	0.0415905863258267	0.00689795090282004	0.940555893690404
5	0.00128644939965695	0.00278730703259005	0.993996569468268	0.00192967409948542
6	0.00791687283523008	0.764637968002639	0.00280389246247732	0.224641266699654
7	0.00107457554266065	0.00171932086825704	0.996346443154954	0.000859660434128519
8	0.00171453064723532	0.00278611230175739	0.993570510072868	0.00192884697813973
9	0.00128122998078155	0.00555199658338672	0.00320307495195388	0.989963698483878
10	0.052112676056338	0.203661971830986	0.0912676056338028	0.652957746478873
11	0.411321089521782	0.0210274154910833	0.192618223760092	0.375033271227043
