Pos	A	C	G	T
1	0.165582563049184	0.234280497546502	0.181102362204724	0.419034577199589
2	0.0281019290307216	0.0261967135032151	0.874493927125506	0.0712074303405573
3	0.000270782561603033	0.0	0.994313566206336	0.00541565123206066
4	0.00215691561067673	0.000269614451334592	0.99002426530062	0.00754920463736856
5	0.68867216804201	0.0230682670667667	0.224681170292573	0.0635783945986497
6	0.929855659660674	0.000506457330969866	0.0316535831856166	0.0379842998227399
7	0.917541229385307	0.0	0.000499750124937531	0.0819590204897551
8	0.746189798821378	0.0115830115830116	0.0	0.242227189595611
9	0.514213695560846	0.132754516174205	0.0560145637865845	0.297017224478364
10	0.00486749594375338	0.99296917252569	0.0	0.00216333153055706
11	0.0199946680885097	0.978938949613436	0.0	0.00106638229805385
12	0.0375095687675427	0.936973717785149	0.0089308497065578	0.0165858637407502
13	0.56198347107438	0.145699418426691	0.185644322007958	0.10667278849097
