Pos	A	C	G	T
1	0.329039812646	0.00702576112412	0.536299765808	0.127634660422
2	0.769369369369	0.0333333333333	0.0351351351351	0.162162162162
3	0.00462962962963	0.988425925926	0.00462962962963	0.00231481481481
4	0.916309012876	0.00429184549356	0.0472103004292	0.0321888412017
5	0.0597322348095	0.032955715757	0.0278063851699	0.879505664264
6	0.0237837837838	0.923243243243	0.0410810810811	0.0118918918919
7	0.0180995475113	0.012443438914	0.966063348416	0.00339366515837
8	0.0	0.0	0.0	1.0
9	0.00228571428571	0.0114285714286	0.976	0.0102857142857
10	0.00552486187845	0.00773480662983	0.94364640884	0.0430939226519
11	0.0403146509341	0.0609636184857	0.0589970501475	0.839724680433
