Pos	A	C	G	T
1	0.0702604482132	0.108267716535	0.734251968504	0.0872198667474
2	0.649335475391	0.0868993719877	0.257046881846	0.00671827077552
3	0.00291332847779	0.00600873998543	0.00364166059723	0.98743627094
4	0.00376952073236	0.00682103751571	0.971459343026	0.0179500987255
5	0.992868897422	0.00201133662461	0.003291278113	0.00182848784056
6	0.000179500987255	0.96858732723	0.00251301382158	0.0287201579609
7	0.0270367700072	0.00108147080029	0.970980533526	0.000901225666907
8	0.00347921626076	0.00329609961546	0.000732466581212	0.992492217543
9	0.0181687353841	0.973016729628	0.00647598488937	0.00233855009894
10	0.98923750456	0.00218898212331	0.0051076249544	0.00346588836191
11	0.00733460466481	0.258618160481	0.0789203461933	0.655126888661
12	0.0855024213075	0.737288135593	0.112439467312	0.0647699757869
