Pos	A	C	G	T
1	0.111689814815	0.157986111111	0.653935185185	0.0763888888889
2	0.665515256189	0.112838226828	0.2130109384	0.00863557858377
3	0.0686032138443	0.0729295426452	0.00556242274413	0.852904820766
4	0.00977995110024	0.126528117359	0.840464547677	0.0232273838631
5	0.97867803838	0.00426439232409	0.00142146410803	0.0156361051883
6	0.0	0.996389891697	0.00361010830325	0.0
7	0.0021645021645	0.0021645021645	0.994227994228	0.001443001443
8	0.0204657727594	0.00423429781228	0.00564573041637	0.969654199012
9	0.0310366232154	0.849782743637	0.11235257604	0.00682805710739
10	0.873811033608	0.00126823081801	0.0615091946734	0.0634115409004
11	0.00901408450704	0.228169014085	0.120563380282	0.642253521127
12	0.0910106085985	0.648799553322	0.142378559464	0.117811278615
