Pos	A	C	G	T
1	0.113896987366375	0.424198250728863	0.177356656948494	0.284548104956268
2	0.254859813084112	0.0311214953271028	0.706822429906542	0.00719626168224299
3	0.452195526097763	0.0807787903893952	0.0666942833471417	0.4003314001657
4	0.0	1.0	0.0	0.0
5	0.999611424130561	0.0	0.000388575869438508	0.0
6	0.0835762876579203	0.19533527696793	0.649659863945578	0.0714285714285714
7	0.0364431486880466	0.554518950437318	0.278134110787172	0.130903790087464
8	0.0	0.0	0.0	1.0
9	0.0	0.0	1.0	0.0
10	0.0323858011596662	0.106349879790694	0.133644463300806	0.727619855748833
11	0.0259090055698104	0.250078227673822	0.0800425558545591	0.643970210901809
12	0.207385811467444	0.345286686103013	0.311370262390671	0.135957240038873
