Pos	A	C	G	T
1	0.176710056792481	0.212745640046238	0.36925164597678	0.2412926571845
2	0.166926898509581	0.0237993849065531	0.774544594274899	0.0347291223089662
3	0.109824744661096	0.162952646239554	0.149895543175487	0.577327065923863
4	0.0	1.0	0.0	0.0
5	1.0	0.0	0.0	0.0
6	0.0	1.0	0.0	0.0
7	0.0165093173842123	0.0	0.983490682615788	0.0
8	0.0	0.0	0.0	1.0
9	0.0	0.0	1.0	0.0
10	0.0856367474118002	0.241833350085436	0.414413508895366	0.258116393607398
11	0.204267835169123	0.19853537020919	0.379843332633032	0.217353461988655
