Pos	A	C	G	T
1	0.102875274862916	0.43905697664709	0.177443148606897	0.280624599883096
2	0.57812744637545	0.0175356192265539	0.359375815458483	0.0449611189395126
3	0.259268537074148	0.636578712981519	0.102037408149633	0.00211534179470051
4	0.0	0.999610472719179	0.000389527280821346	0.0
5	0.999638286032276	0.0	0.000361713967723984	0.0
6	0.0	0.0	0.00874627524555789	0.991253724754442
7	0.98451715444481	0.0154828455551902	0.0	0.0
8	0.0	0.0	0.0	1.0
9	0.0	0.0	1.0	0.0
10	0.000584502338009352	0.105182587397016	0.64331440659096	0.250918503674015
11	0.0425259080916989	0.352637914791165	0.0172720611326285	0.587564115984508
12	0.273332034403095	0.180226570545829	0.447407242463885	0.0990341525871907
