Pos	A	C	G	T
1	0.356921957431326	0.0565763143532836	0.541931962888848	0.0445697653265417
2	0.350202429149798	0.444534412955466	0.2	0.00526315789473684
3	0.0	0.999595387416549	0.000404612583451345	0.0
4	0.969203609258533	0.0	0.0307963907414672	0.0
5	0.0	0.0608489706686099	0.0389870650391692	0.900163964292221
6	0.932968277945619	0.0236027190332326	0.043429003021148	0.0
7	0.0	0.0525407478427613	0.0	0.947459252157239
8	0.0	0.0	1.0	0.0
9	0.000202388180530257	0.245496862983202	0.363893948593402	0.390406800242866
10	0.0528822055137845	0.196240601503759	0.131704260651629	0.619172932330827
