Pos	A	C	G	T
1	0.197903014416776	0.105972664295076	0.527569743493728	0.168554577794421
2	0.134474821305981	0.063764487339983	0.543633646973307	0.258127044380729
3	0.0980528781016529	0.0457941392792165	0.710370456392986	0.145782526226145
4	0.576706244127445	0.064918424874007	0.3078072947809	0.0505680362176476
5	0.0334372599521034	0.947855948669287	0.00921783923003931	0.00948895214856988
6	0.0539260818098119	0.0120566443070718	0.903634530229295	0.0303827436538209
7	0.0	0.999906388953897	9.36110461034402e-05	0.0
8	0.999204678362573	0.000140350877192982	0.000654970760233918	0.0
9	0.0	0.0982696560995707	0.878962661000043	0.022767682900386
10	0.0446326487402075	0.85098454372221	0.104128731738302	0.000254075799280119
11	4.67486326024964e-05	0.00121546444766491	0.0	0.998737786919733
12	0.000233994758517409	9.35979034069637e-05	0.999578809434669	9.35979034069637e-05
13	0.10028173303891	0.720703571156628	0.0884794030305338	0.0905352927739283
14	0.00690254159809837	0.0306728835253246	0.706299140610715	0.256125434265862
15	0.252480808837296	0.229732259876428	0.287446171129002	0.230340760157274
16	0.106191629194051	0.709097198201314	0.0409316268880434	0.143779545716592
17	0.202793383270911	0.542407927590512	0.0865714731585518	0.168227215980025
18	0.193924358734319	0.45553267178431	0.124274480434376	0.226268489046995
