Pos	A	C	G	T
1	0.0	0.738053097345133	0.0	0.261946902654867
2	0.0877458396369138	0.0574886535552194	0.854765506807867	0.0
3	0.478223740392827	0.187873612297182	0.0926558497011102	0.241246797608881
4	0.0	1.0	0.0	0.0
5	0.854765506807867	0.0	0.145234493192133	0.0
6	0.0212014134275618	0.197879858657244	0.685512367491166	0.0954063604240283
7	0.0991150442477876	0.520353982300885	0.302654867256637	0.0778761061946903
8	0.0	0.100787401574803	0.0094488188976378	0.889763779527559
9	0.0	0.010507880910683	0.989492119089317	0.0
10	0.0448087431693989	0.201092896174863	0.136612021857924	0.617486338797814
11	0.0416666666666667	0.395114942528736	0.146551724137931	0.416666666666667
12	0.3886925795053	0.141342756183746	0.360424028268551	0.109540636042403
