Pos	A	C	G	T
1	0.218601538976246	0.0932084309133489	0.565406490465038	0.122783539645366
2	0.149397418526706	0.100049917991871	0.587463452898809	0.163089210582614
3	0.676556529557204	0.159886116730351	0.163557353712445	0.0
4	0.0001999600079984	0.0	0.000899820035992801	0.998900219956009
5	0.0005	0.0	0.9995	0.0
6	1.0	0.0	0.0	0.0
7	0.000599221012683511	0.999400778987316	0.0	0.0
8	0.0	0.0	0.999800279608548	0.000199720391451967
9	0.0	0.0	0.000800240072021606	0.999199759927978
10	0.0	0.999500299820108	0.0	0.000499700179892065
11	0.998501199040767	0.000799360511590727	9.99200639488409e-05	0.000599520383693046
12	0.000986193293885602	0.165680473372781	0.155894401456532	0.677438931876802
13	0.166666666666667	0.583862770012706	0.102710715798391	0.146759847522236
14	0.112772376801877	0.565403955749246	0.0944686557157224	0.227355011733155
