Pos	A	C	G	T
1	0.120481927710843	0.487951807228916	0.132530120481928	0.259036144578313
2	0.349112426035503	0.0177514792899408	0.633136094674556	0.0
3	0.454545454545455	0.388888888888889	0.156565656565657	0.0
4	0.04	0.948571428571429	0.0	0.0114285714285714
5	0.897297297297297	0.0108108108108108	0.0540540540540541	0.0378378378378378
6	0.270161290322581	0.0604838709677419	0.0	0.669354838709677
7	0.677551020408163	0.0	0.0448979591836735	0.277551020408163
8	0.0	0.0828729281767956	0.0	0.917127071823204
9	0.0	0.043010752688172	0.89247311827957	0.0645161290322581
10	0.0203045685279188	0.137055837563452	0.370558375634518	0.472081218274112
11	0.0546218487394958	0.147058823529412	0.100840336134454	0.697478991596639
12	0.179640718562874	0.233532934131737	0.455089820359281	0.131736526946108
