Pos	A	C	G	T
1	0.139444444444444	0.253888888888889	0.385	0.221666666666667
2	0.617100371747212	0.0440785979819437	0.338821030270844	0.0
3	0.0	0.0	0.0	1.0
4	0.00296882731321128	0.106382978723404	0.890648193963384	0.0
5	0.672645739910314	0.259715994020927	0.00261584454409567	0.0650224215246637
6	0.0560841261892839	0.42613920881322	0.475212819228843	0.042563845768653
7	0.0664476086162833	0.0142387732749179	0.262139466958744	0.657174151150055
8	0.0	0.955921402018056	0.0440785979819437	0.0
9	1.0	0.0	0.0	0.0
10	0.00209424083769634	0.35130890052356	0.056020942408377	0.590575916230367
11	0.152777777777778	0.322777777777778	0.323888888888889	0.200555555555556
