Pos	A	C	G	T
1	0.260220994475138	0.285082872928177	0.087292817679558	0.367403314917127
2	0.572287250869978	0.131287567225562	0.162606770009491	0.13381841189497
3	0.0175438596491228	0.835180055401662	0.0	0.147276084949215
4	0.27782012195122	0.00685975609756098	0.689405487804878	0.0259146341463415
5	0.00948509485094851	0.817073170731707	0.001806684733514	0.17163504968383
6	0.388125343595382	0.00219901044529962	0.606377130291369	0.00329851566794942
7	0.0573529411764706	0.0264705882352941	0.0294117647058824	0.886764705882353
8	0.0314576871953921	0.801506424457244	0.143110323438192	0.0239255649091715
9	0.935367114788004	0.0077559462254395	0.0413650465356774	0.015511892450879
10	0.00533333333333333	0.544	0.0293333333333333	0.421333333333333
11	0.24930901050304	0.374239911553344	0.265892758430072	0.110558319513543
