Pos	A	C	G	T
1	0.0957230142566191	0.270875763747454	0.478615071283096	0.154786150712831
2	0.775577557755776	0.0198019801980198	0.204620462046205	0.0
3	0.0	0.00423728813559322	0.0	0.995762711864407
4	0.0	0.0	1.0	0.0
5	0.87360594795539	0.12639405204461	0.0	0.0
6	0.103321033210332	0.402214022140221	0.464944649446494	0.029520295202952
7	0.0	0.0	0.0329218106995885	0.967078189300412
8	0.0	0.975103734439834	0.00829875518672199	0.016597510373444
9	0.991561181434599	0.0	0.00843881856540084	0.0
10	0.0	0.234527687296417	0.0	0.765472312703583
11	0.174137931034483	0.405172413793103	0.26551724137931	0.155172413793103
