Pos	A	C	G	T
1	0.187793427230047	0.236022193768673	0.364916773367478	0.211267605633803
2	0.341463414634146	0.120537292329445	0.487097914457405	0.0509013785790032
3	0.0164750957854406	0.0544061302681992	0.0314176245210728	0.897701149425287
4	0.0261726716519375	0.0428280081577158	0.796397008837526	0.134602311352821
5	0.958674304418985	0.0	0.0241407528641571	0.0171849427168576
6	0.0	0.946284329563813	0.0	0.0537156704361874
7	0.049737161342499	0.00161746866154468	0.947432268499798	0.00121310149615851
8	0.00541441066222407	0.017076218242399	0.00166597251145356	0.975843398583923
9	0.137755102040816	0.796938775510204	0.0421768707482993	0.0231292517006803
10	0.899424184261036	0.0195777351247601	0.0602687140115163	0.0207293666026871
11	0.0503875968992248	0.480972515856237	0.124031007751938	0.3446088794926
12	0.200938566552901	0.386092150170648	0.223549488054608	0.189419795221843
