Pos	A	C	G	T
1	0.205772811918063	0.388268156424581	0.204841713221601	0.201117318435754
2	0.106161841128434	0.0452858203414996	0.797327394209354	0.0512249443207127
3	0.0	0.143906020558003	0.0675477239353891	0.788546255506608
4	0.19910514541387	0.0	0.80089485458613	0.0
5	0.0703611457036115	0.0933997509339975	0.167496886674969	0.668742216687422
6	0.0340993328391401	0.796145292809489	0.129725722757598	0.0400296515937732
7	0.665840049597024	0.0613763174209547	0.272783632982021	0.0
8	0.0310208685843204	0.181049069373942	0.182177100958827	0.60575296108291
9	0.0986666666666667	0.186	0.408	0.307333333333333
10	0.185288640595903	0.290502793296089	0.302607076350093	0.221601489757914
