Pos	A	C	G	T
1	0.232967032967033	0.217582417582418	0.208791208791209	0.340659340659341
2	0.160680529300567	0.122873345935728	0.0340264650283554	0.68241965973535
3	0.0256410256410256	0.0473372781065089	0.903353057199211	0.0236686390532544
4	0.182724252491694	0.667774086378738	0.00996677740863787	0.13953488372093
5	0.13458262350937	0.124361158432709	0.0153321976149915	0.72572402044293
6	0.079343365253078	0.0752393980848153	0.556771545827633	0.288645690834473
7	0.794223826714801	0.0523465703971119	0.0306859205776173	0.122743682310469
8	0.0	0.53347280334728	0.0564853556485356	0.410041841004184
9	0.0116731517509728	0.105058365758755	0.850194552529183	0.0330739299610895
10	0.0578231292517007	0.136054421768707	0.0408163265306122	0.76530612244898
11	0.285714285714286	0.509259259259259	0.128306878306878	0.0767195767195767
12	0.730081300813008	0.0308943089430894	0.0764227642276423	0.16260162601626
13	0.0579964850615114	0.0263620386643234	0.746924428822496	0.16871704745167
14	0.0177165354330709	0.891732283464567	0.0708661417322835	0.0196850393700787
15	0.741735537190083	0.0371900826446281	0.165289256198347	0.0557851239669422
16	0.30989010989011	0.210989010989011	0.156043956043956	0.323076923076923
