Pos	A	C	G	T
1	0.173835125448029	0.182795698924731	0.370967741935484	0.272401433691756
2	0.653013458162668	0.0479812755997659	0.244002340550029	0.0550029256875366
3	0.0	0.0404127257093723	0.0	0.959587274290628
4	0.0149377593360996	0.00995850622406639	0.926141078838174	0.0489626556016598
5	0.427244582043344	0.436532507739938	0.0325077399380805	0.103715170278638
6	0.0428689200329761	0.0222588623248145	0.920032976092333	0.0148392415498763
7	0.0488997555012225	0.0	0.0415647921760391	0.909535452322738
8	0.037159372419488	0.921552436003303	0.0412881915772089	0.0
9	0.908794788273616	0.0325732899022801	0.0586319218241042	0.0
10	0.04292343387471	0.249419953596288	0.0603248259860789	0.647331786542923
11	0.205197132616487	0.422939068100358	0.207885304659498	0.163978494623656
