Pos	A	C	G	T
1	0.134246575342466	0.613698630136986	0.0794520547945206	0.172602739726027
2	0.0479573712255773	0.113676731793961	0.795737122557726	0.0426287744227353
3	0.0343283582089552	0.294029850746269	0.00298507462686567	0.66865671641791
4	0.328125	0.0	0.671875	0.0
5	0.0950639853747715	0.0749542961608775	0.0109689213893967	0.819012797074954
6	0.0847784200385356	0.863198458574181	0.0250481695568401	0.0269749518304432
7	0.801431127012522	0.0822898032200358	0.116279069767442	0.0
8	0.0297339593114241	0.237871674491393	0.0312989045383412	0.701095461658842
9	0.181666666666667	0.231666666666667	0.0716666666666667	0.515
