Pos	A	C	G	T
1	0.160417320363979	0.258471917163477	0.269375588327581	0.311735174144964
2	0.338011615044248	0.109305862831858	0.54341814159292	0.00926438053097345
3	0.0	0.0	0.00133176654915785	0.998668233450842
4	0.0	0.0	0.0	1.0
5	0.93187134502924	7.30994152046784e-05	0.0680555555555555	0.0
6	0.0	0.440931910887982	0.0	0.559068089112018
7	0.0486567164179104	0.0	0.95134328358209	0.0
8	0.0	0.193113488195455	0.0	0.806886511804545
9	1.0	0.0	0.0	0.0
10	1.0	0.0	0.0	0.0
11	0.0120833616183558	0.479193537438056	0.122530717534451	0.386192383409137
12	0.278239723878255	0.249686225290242	0.283417006589269	0.188657044242234
