Pos	A	C	G	T
1	0.267239404352806	0.19610538373425	0.266552119129439	0.270103092783505
2	0.0711049991910694	0.308445235398803	0.0346222294127164	0.585827535997411
3	0.020474842082335	0.0332171640165541	0.943367458070137	0.00294053583097364
4	0.109660053833117	0.819459675007477	0.0143554979563354	0.0565247732030705
5	0.0824146032893548	0.151093439363817	0.0246701608530634	0.741821796493765
6	0.0571106518880331	0.0356002254367838	0.784895735487507	0.122393387187676
7	0.742558983666062	0.111070780399274	0.0305807622504537	0.115789473684211
8	0.0643830908466033	0.422385152938481	0.439225569939283	0.0740061862756329
9	0.112405946045146	0.0329418241879244	0.110295467058176	0.744356762708754
10	0.133327042838271	0.778354406491791	0.0336856010568032	0.0546329496131346
11	0.762022760646109	0.0320301027900147	0.138582966226138	0.0673641703377386
12	0.0488421871959525	0.0182914964000778	0.80502043199066	0.12784588441331
13	0.0054018300077169	0.953808841362584	0.0262374600374821	0.014551868592217
14	0.591646034661768	0.0349812315310279	0.296382078108777	0.0769906556984266
15	0.257159221076747	0.267926689576174	0.195074455899198	0.279839633447881
