Pos	A	C	G	T
1	0.216783216783217	0.452214452214452	0.132867132867133	0.198135198135198
2	0.0557768924302789	0.0816733067729084	0.856573705179283	0.00597609561752988
3	0.0	0.208103130755064	0.0	0.791896869244936
4	0.220848056537102	0.019434628975265	0.759717314487632	0.0
5	0.0780559646539028	0.120765832106038	0.167893961708395	0.633284241531664
6	0.0	0.828516377649326	0.171483622350674	0.0
7	0.594744121715076	0.0511756569847856	0.326417704011065	0.0276625172890733
8	0.0294511378848728	0.228915662650602	0.165997322623829	0.575635876840696
9	0.0645161290322581	0.207130730050934	0.358234295415959	0.370118845500849
10	0.151515151515152	0.414918414918415	0.223776223776224	0.20979020979021
