Pos	A	C	G	T
1	0.157490396927017	0.0345710627400768	0.675416133162612	0.132522407170294
2	0.089572192513369	0.0454545454545455	0.15975935828877	0.705213903743315
3	0.00338983050847458	0.00508474576271186	0.894067796610169	0.0974576271186441
4	0.00282220131702728	0.00282220131702728	0.992474129821261	0.00188146754468485
5	0.00556586270871985	0.00649350649350649	0.978664192949907	0.00927643784786642
6	0.0100732600732601	0.00274725274725275	0.966117216117216	0.0210622710622711
7	0.013648771610555	0.00636942675159236	0.959963603275705	0.0200181983621474
8	0.0146386093321134	0.00365965233302836	0.965233302836231	0.0164684354986276
9	0.000847457627118644	0.011864406779661	0.894067796610169	0.0932203389830508
10	0.0407993338884263	0.0308076602830974	0.878434637801832	0.0499583680266445
11	0.128026261797292	0.432909314731227	0.140746819860484	0.298317603610997
12	0.293250581846393	0.0558572536850272	0.525213343677269	0.125678820791311
13	0.175355450236967	0.172511848341232	0.475829383886256	0.176303317535545
