Pos	A	C	G	T
1	0.298277019467442	0.120459461475349	0.251808756619676	0.329454762437533
2	0.115538370797562	0.003276754702143	0.878629005832623	0.00255586866767154
3	0.0	0.0	1.0	0.0
4	0.0	0.0	1.0	0.0
5	0.0	0.808137432188065	0.0	0.191862567811935
6	0.0	0.00119198390821724	0.998808016091783	0.0
7	0.0	0.163728255759285	0.048366243535496	0.787905500705219
8	0.00118632240055827	0.0594556873691556	0.935589672016748	0.00376831821353803
9	0.0129742618696963	0.0078546882670594	0.940248264254155	0.038922785609089
10	0.00907959288277074	0.728637328842352	0.00915281540601889	0.253130262868858
11	0.324681136719624	0.214440217796673	0.299022898485866	0.161855746997837
