Pos	A	C	G	T
1	0.215811965811966	0.0972222222222222	0.519230769230769	0.167735042735043
2	0.0487274984481688	0.783985102420857	0.163252638112973	0.00403476101800124
3	0.281485468245425	0.0734660925726588	0.391011840688913	0.254036598493003
4	0.277641277641278	0.144963144963145	0.0224201474201474	0.55497542997543
5	0.0076550140341924	0.600918601684103	0.100535850982393	0.290890533299311
6	0.0641025641025641	0.0	0.935897435897436	0.0
7	0.0504666436225372	0.492568268233667	0.00138264777048047	0.455582440373315
8	0.123964308476737	0.0	0.812938177182919	0.0630975143403442
9	0.0111695137976347	0.0	0.8446123521682	0.144218134034166
10	0.0	0.00599647266313933	0.990123456790123	0.00388007054673721
11	0.0409891598915989	0.0	0.928184281842818	0.0308265582655827
12	0.0	0.00461156438453352	0.995388435615467	0.0
13	0.0	0.000716332378223496	0.996418338108882	0.00286532951289398
14	0.0	0.194792671166827	0.159112825458052	0.646094503375121
