Pos	A	C	G	T
1	0.208587398373984	0.146341463414634	0.446646341463415	0.198424796747967
2	0.148471615720524	0.214782468057577	0.318130357431667	0.318615558790231
3	0.17472306143001	0.0817388385364216	0.660792212151729	0.0827458878818395
4	0.211942538593482	0.422062607204117	0.138829331046312	0.227165523156089
5	0.0385177961969771	0.0	0.959775719161385	0.00170648464163823
6	0.0638238573021182	0.0624303232998885	0.325111482720178	0.548634336677815
7	0.144003130502837	0.0440226961455684	0.77029935433379	0.0416748190178047
8	0.0240274599542334	0.0274599542334096	0.90091533180778	0.0475972540045767
9	0.0246293639406982	0.00908656145384983	0.941415590626494	0.0248684839789574
10	0.163717857985374	0.464378391129983	0.074899740504836	0.297004010379807
11	0.117565424266455	0.0255749405233941	0.780531324345757	0.0763283108643933
12	0.138739431206764	0.104727132974635	0.471176018447348	0.285357417371253
13	0.227838455676911	0.162306324612649	0.411734823469647	0.198120396240792
