Pos	A	C	G	T
1	0.305034417600216	0.00998785261168849	0.241058172492914	0.443919557295182
2	0.0214185393258427	0.00438904494382023	0.974192415730337	0.0
3	0.0	0.00412630068173663	0.99551489056333	0.00035880875493362
4	0.0035810205908684	0.00107430617726052	0.993554162936437	0.0017905102954342
5	0.00567160049799419	0.767602711301701	0.0192281090053949	0.207497579194909
6	0.00644583706356312	0.0	0.993554162936437	0.0
7	0.0	0.00682710360129715	0.0460829493087558	0.947089947089947
8	0.000892219842969308	0.0	0.990185581727338	0.00892219842969308
9	0.00724125750618156	0.000529848110208407	0.980042387848817	0.0121865065347934
10	0.00913478110996208	0.446914856945881	0.0344708721130645	0.509479489831093
11	0.209805335255948	0.479091564527758	0.121845710165826	0.189257390050469
