Pos	A	C	G	T
1	0.18796992481203	0.38273102110114	0.238176085374727	0.191122968712103
2	0.0356170123611984	0.0544730777288917	0.863817305677771	0.0460926042321391
3	0.0	0.0	0.995893719806763	0.00410628019323672
4	0.0	0.0	0.249393498301795	0.750606501698205
5	0.0	0.0	0.997339138848573	0.00266086115142719
6	0.00386566803575743	0.0	0.996134331964243	0.0
7	0.0397646219686163	0.0	0.225035663338088	0.735199714693295
8	0.0163201430807065	0.921752738654147	0.01520232506148	0.0467247932036664
9	0.00998374738797307	0.0327374042256791	0.957278848386348	0.0
10	0.234109655507035	0.405385735080058	0.0511887433284813	0.309315866084425
