Pos	A	C	G	T
1	0.11920254741797	0.125986432230375	0.71092343901426	0.0438875813373944
2	0.00493479027141347	0.0	0.986958054282693	0.00810715544589355
3	0.112251443232842	0.0145926876202694	0.584028223220013	0.289127645926876
4	0.0887004728517854	0.264960052176749	0.626773194195337	0.0195662807761291
5	0.287854638189353	0.552757411539688	0.0514823079375199	0.10790564233344
6	0.0012343502027861	0.00775877270322694	0.00176335743255158	0.989243519661435
7	0.401142857142857	0.0764081632653061	0.460571428571429	0.0618775510204082
8	0.000963081861958266	0.524237560192616	0.123274478330658	0.351524879614767
9	0.0238383140438763	0.0134738296769736	0.00742788046294697	0.955259975816203
10	0.000294204177699323	0.205060311856428	0.0	0.794645483965872
11	0.00784518828451883	0.0106345885634589	0.978033472803347	0.00348675034867503
12	0.000178030977390066	0.0	0.0	0.99982196902261
13	0.000159515074174509	0.112617642367204	0.0	0.887222842558622
14	0.78558256496228	0.00150880134115675	0.075943000838223	0.13696563285834
15	0.0526138279932546	0.320236087689713	0.000843170320404722	0.626306913996627
16	0.599577390385631	0.266640253565769	0.00515055467511886	0.128631801373481
17	0.00940032414910859	0.00356564019448947	0.872771474878444	0.114262560777958
18	0.0162077378877658	0.975601254792611	0.00522830254444057	0.00296270477518299
19	0.637815015173506	0.0523815806834675	0.195276421691516	0.114526982451511
20	0.0450498575498575	0.238960113960114	0.164173789173789	0.551816239316239
21	0.354878917378917	0.239850427350427	0.217058404558405	0.188212250712251
