Pos	A	C	G	T
1	0.278573632476749	0.102878300348217	0.430158240401992	0.188389826773042
2	0.176117731744381	0.0266336079340958	0.731144525313925	0.0661041350075982
3	0.0763207813698188	0.00799128223755903	0.55830003632401	0.357387900068612
4	0.0958435985059207	0.00107287610267822	0.90153381546531	0.00154970992609076
5	0.000263331138907176	0.000351108185209568	0.995742813254334	0.00364274742154926
6	0.000748568912373404	4.40334654337296e-05	0.999031263760458	0.000176133861734919
7	0.0376517287004545	0.652591612494966	0.0	0.309756658804579
8	0.0008807468733486	0.0	0.999119253126651	0.0
9	0.00848670416347722	0.0556794355509701	0.180750158085666	0.755083702199887
10	0.0100971694127588	0.0162653147444022	0.958512885509083	0.0151246303337558
11	0.0396798708722846	0.0243459546707916	0.762929585042706	0.173044589414217
12	0.0307207723144891	0.578540456516404	0.0411928331833429	0.349545937985765
13	0.229284203102962	0.223245768688293	0.342339562764457	0.205130465444288
