Pos	A	C	G	T
1	0.147510531727867	0.224035559093774	0.381795866918765	0.246658042259595
2	0.0993730864557516	0.12389561160519	0.616941245079458	0.159790056859601
3	0.93425985778927	0.0	0.00184227537168714	0.0638978668390433
4	0.107762836185819	0.0216992665036675	0.827567237163814	0.0429706601466993
5	0.0473117582203775	0.00927427200207536	0.000518840391724496	0.942895129385823
6	0.0191674733785092	0.0416263310745402	0.926137463697967	0.0130687318489835
7	0.395628089030418	0.268716621886091	0.277440541347398	0.0582147477360931
8	0.240529423472434	0.216778345385789	0.432262986797585	0.110429244344192
9	0.242677546687896	0.11496998042923	0.395594918233987	0.246757554648887
10	0.137128072445019	0.135303678641324	0.173184728165323	0.554383520748333
11	0.116104751450525	0.0	0.874737337305943	0.00915791124353144
12	0.0286803178089271	0.888637684904076	0.00859117628060203	0.0740908210063949
13	0.464258466845789	0.276942979400935	0.0017912230072644	0.257007330746011
14	0.0	0.11964917679643	0.854562240344668	0.0257885828589014
15	0.0516710428214853	0.0	0.0	0.948328957178515
16	0.000331521018432569	0.0	0.999171197453919	0.000497281527648853
17	1.0	0.0	0.0	0.0
18	3.31663958077676e-05	0.0	0.0	0.999966833604192
19	0.0	0.0	6.62910175671197e-05	0.999933708982433
20	0.018417106721429	0.0264684790403547	0.331018971249756	0.624095442988461
21	0.249684866980694	0.244675910568566	0.383964705101838	0.121674517348902
