Pos	A	C	G	T
1	0.326470760748431	0.127022112733885	0.221795999765382	0.324711126752302
2	0.543158561637261	0.135436865244687	0.112120106744485	0.209284466373567
3	0.161340575570949	0.000664679551756727	0.835761837008111	0.00223290786918276
4	0.00166859049817712	0.00556577789460451	0.97292540486177	0.0198402267454485
5	0.000874064750716733	0.0	0.993100715567676	0.00602521968160735
6	0.169329988543436	0.488118753209813	0.0227551060719788	0.319796152174772
7	0.0127200441237303	0.0	0.977685342648343	0.00959461322792664
8	0.0265330041644847	0.0291181433546961	0.354413439398851	0.589935413081968
9	0.0460096781626853	0.00829556801597665	0.925032644596359	0.0206621092249789
10	0.0943310436660658	0.0404264302301034	0.517578473879931	0.3476640522239
11	0.0866869462590801	0.63524992104257	0.108321281936202	0.169741850762147
12	0.313824857762919	0.175247815121121	0.245586251393044	0.265341075722916
