Pos	A	C	G	T
1	0.258426966292135	0.181023720349563	0.34956304619226	0.210986267166042
2	0.194466403162055	0.40395256916996	0.173122529644269	0.228458498023715
3	0.0	0.0	1.0	0.0
4	0.0	0.0253929866989117	0.967351874244256	0.00725513905683192
5	0.0	0.0	0.99626400996264	0.0037359900373599
6	0.0	0.0	0.0	1.0
7	0.065	0.07	0.165	0.7
8	0.0	0.986436498150432	0.0135635018495684	0.0
9	0.0099009900990099	0.0	0.99009900990099	0.0
10	0.928074245939675	0.0290023201856148	0.00580046403712297	0.037122969837587
11	0.111458333333333	0.0916666666666667	0.721875	0.075
12	0.176029962546816	0.154806491885144	0.383270911360799	0.285892634207241
