Pos	A	C	G	T
1	0.352812670671764	0.130529765155653	0.333151283451666	0.183506280720918
2	0.299234135667396	0.387308533916849	0.169037199124726	0.144420131291028
3	0.0401459854014599	0.0248175182481752	0.916788321167883	0.0182481751824818
4	0.0342205323193916	0.0	0.955133079847909	0.0106463878326996
5	0.0	0.0237564959168523	0.0438010393466964	0.932442464736451
6	0.885130373502466	0.0098661028893587	0.0669485553206483	0.0380549682875264
7	0.288611544461778	0.0078003120124805	0.691107644305772	0.0124804992199688
8	0.0152439024390244	0.0038109756097561	0.957317073170732	0.0236280487804878
9	0.0	0.0131782945736434	0.0131782945736434	0.973643410852713
10	0.484007707129094	0.157225433526012	0.226204238921002	0.132562620423892
11	0.0714697406340058	0.409798270893372	0.313544668587896	0.205187319884726
