Pos	A	C	G	T
1	0.139874739039666	0.192066805845511	0.338204592901879	0.329853862212944
2	0.0666666666666667	0.0857142857142857	0.571428571428571	0.276190476190476
3	0.0783938814531549	0.0936902485659656	0.787762906309751	0.0401529636711281
4	0.179190751445087	0.0134874759152216	0.304431599229287	0.502890173410405
5	0.0164233576642336	0.861313868613139	0.0839416058394161	0.0383211678832117
6	0.0220883534136546	0.00602409638554217	0.961847389558233	0.0100401606425703
7	0.0116472545757072	0.723793677204659	0.1630615640599	0.101497504159734
8	0.00416666666666667	0.0	0.995833333333333	0.0
9	0.01417004048583	0.00202429149797571	0.975708502024291	0.00809716599190283
10	0.147609147609148	0.711018711018711	0.137214137214137	0.00415800415800416
11	0.0708117443868739	0.810017271157167	0.119170984455959	0.0
12	0.932038834951456	0.0	0.058252427184466	0.00970873786407767
13	0.0	0.0419047619047619	0.0590476190476191	0.899047619047619
14	0.0	0.0	0.963265306122449	0.036734693877551
15	0.014344262295082	0.0	0.979508196721312	0.00614754098360656
16	0.112903225806452	0.0141129032258065	0.681451612903226	0.191532258064516
17	0.129436325678497	0.254697286012526	0.104384133611691	0.511482254697286
18	0.0182555780933063	0.0162271805273834	0.957403651115619	0.00811359026369168
19	0.347916666666667	0.26875	0.0625	0.320833333333333
