Pos	A	C	G	T
1	0.299459891978396	0.0798159631926385	0.410082016403281	0.210642128425685
2	0.187065237826659	0.0174844895657078	0.752961082910321	0.0424891896973115
3	0.0814909556002193	0.00511602411839942	0.425360862415494	0.488032157865887
4	0.153430212909767	0.0	0.844711051030754	0.00185873605947955
5	0.0	0.0	1.0	0.0
6	0.00517309988062077	0.000198965380023876	0.994627934739355	0.0
7	0.145067423704755	0.70958126330731	0.0	0.145351312987935
8	0.0	0.0	1.0	0.0
9	0.000799360511590727	0.000199840127897682	0.259592326139089	0.739408473221423
10	0.0808184143222506	0.0115942028985507	0.852344416027281	0.0552429667519182
11	0.0844005554698349	0.0300879493905262	0.771331584632001	0.114179910507638
12	0.0934075198111617	0.608497723823976	0.0635643230483898	0.234530433316473
13	0.2484	0.2608	0.3096	0.1812
