Pos	A	C	G	T
1	0.295133991537377	0.0969675599435825	0.383638928067701	0.22425952045134
2	0.204119274515832	0.0568705810021519	0.667383953273901	0.0716261912081156
3	0.104421448730009	0.00627155848228285	0.442458450925055	0.446848541862653
4	0.0981806775407779	0.0112923462986198	0.889585947302384	0.000941028858218319
5	0.00139664804469274	0.00628491620111732	0.990223463687151	0.00209497206703911
6	0.00871991628880363	0.0	0.989187303801883	0.00209277990931287
7	0.0313546423135464	0.863318112633181	0.0286149162861492	0.0767123287671233
8	0.00766550522648084	0.00278745644599303	0.98815331010453	0.00139372822299652
9	0.0162842339008142	0.00542807796693807	0.278559092030595	0.699728596101653
10	0.0909876187733948	0.00950187158076591	0.816585084940973	0.0829254247048661
11	0.123014256619145	0.0947046843177189	0.577596741344195	0.204684317718941
12	0.129055007052186	0.374823695345557	0.152327221438646	0.343794076163611
