Pos	A	C	G	T
1	0.214018691588785	0.230607476635514	0.421261682242991	0.13411214953271
2	0.0957391754355701	0.0772813524236674	0.738312920476108	0.0886665516646541
3	0.128150134048257	0.106881143878463	0.298659517426273	0.466309204647006
4	0.00829056454796684	0.0	0.428477431240953	0.56323200421108
5	0.0	0.0	0.988224428538444	0.0117755714615562
6	0.0	0.0151863782788771	0.984813621721123	0.0
7	0.0	1.0	0.0	0.0
8	1.0	0.0	0.0	0.0
9	0.00133096716947649	0.531943212067436	0.0490239574090506	0.417701863354037
10	0.249007241298762	0.203690726465779	0.38986218173324	0.157439850502219
