Pos	A	C	G	T
1	0.265361383045199	0.0772755675900854	0.356175796709019	0.301187252655697
2	0.0230034722222222	0.256944444444444	0.025318287037037	0.694733796296296
3	0.0506570177109122	0.0310417063416492	0.91449247762331	0.00380879832412874
4	0.115180238402987	0.68964526784432	0.00832974292689933	0.186844750825793
5	0.0	0.000415454923140839	0.997507270461155	0.0020772746157042
6	0.0	0.000202511138112596	0.0273390036452005	0.972458485216687
7	0.0296370967741935	0.00120967741935484	0.968145161290323	0.00100806451612903
8	0.0	0.0	0.999583680266445	0.000416319733555371
9	0.000414851690520639	0.000829703381041278	0.996058908940054	0.00269653598838415
10	0.012459807073955	0.965032154340836	0.00542604501607717	0.0170819935691318
11	0.00228263125129695	0.00124507159161652	0.996472297157087	0.0
12	0.00784799669558034	0.000413052457662123	0.581371334159438	0.410367616687319
13	0.262028744011664	0.135596750676942	0.305977921266403	0.296396584044991
