Pos	A	C	G	T
1	0.12	0.118918918918919	0.605405405405405	0.155675675675676
2	0.091148115687993	0.118317265556529	0.222611744084137	0.567922874671341
3	0.0425029515938607	0.0342384887839433	0.853600944510035	0.0696576151121606
4	0.064570943075616	0.0628717077315208	0.271028037383178	0.601529311809686
5	0.125126135216953	0.0211907164480323	0.141271442986882	0.712411705348133
6	0.0839303991811668	0.742067553735926	0.0849539406345957	0.0890481064483112
7	0.0945626477541371	0.0212765957446809	0.846335697399527	0.0378250591016548
8	0.0455635491606715	0.543565147881695	0.20863309352518	0.202238209432454
9	0.113610798650169	0.047244094488189	0.800899887514061	0.0382452193475816
10	0.0640495867768595	0.0516528925619835	0.150826446280992	0.733471074380165
11	0.0757409440175631	0.502744237102086	0.266739846322722	0.154774972557629
12	0.114075436982521	0.141674333026679	0.607175712971481	0.137074517019319
13	0.11304347826087	0.42512077294686	0.214492753623188	0.247342995169082
14	0.155206286836935	0.341846758349705	0.303536345776031	0.199410609037328
15	0.170731707317073	0.208672086720867	0.375338753387534	0.245257452574526
