Pos	A	C	G	T
1	0.16340063341251	0.152711797307997	0.287212984956453	0.39667458432304
2	0.0185790725326992	0.7509661117717	0.0536563614744352	0.176798454221165
3	0.000395569620253165	0.0	0.999307753164557	0.000296677215189873
4	0.000395687011573845	0.0	0.999604312988426	0.0
5	0.000786782061369001	0.0	0.993804091266719	0.00540912667191188
6	0.00029673590504451	0.0	0.999505440158259	0.00019782393669634
7	0.000395374122763665	0.0	0.998813877631709	0.00079074824552733
8	9.89511181476351e-05	0.0	0.999901048881852	0.0
9	0.0437962962962963	0.935648148148148	0.0198148148148148	0.000740740740740741
10	0.00255955896830085	0.00167355778696594	0.994782437487694	0.000984445757038787
11	0.00847327068248344	0.01070713295332	0.202434139577877	0.77838545678632
12	0.0333458505444987	0.149981224183252	0.0577544123169358	0.758918512955314
13	0.082632360217714	0.137456704601682	0.667986145472538	0.111924789708065
