Pos	A	C	G	T
1	0.224230581338544	0.209574987787005	0.0591108939912066	0.507083536883244
2	0.0284629981024668	0.0	0.0	0.971537001897533
3	0.037593984962406	0.0	0.0	0.962406015037594
4	0.0906701708278581	0.00657030223390276	0.00569426193604906	0.89706526500219
5	0.195995379283789	0.277242972660762	0.0154023873700424	0.511359260685406
6	0.00184928340268146	0.0466944059177069	0.946833102172908	0.00462320850670365
7	0.00800376647834275	0.0282485875706215	0.805084745762712	0.158662900188324
8	0.989371980676328	0.0	0.0106280193236715	0.0
9	0.0	1.0	0.0	0.0
10	0.831844029244517	0.0	0.168155970755483	0.0
11	0.01123046875	0.12255859375	0.65234375	0.2138671875
