Pos	A	C	G	T
1	0.273503372681282	0.33299957841484	0.389966273187184	0.00353077571669477
2	0.000928074245939675	0.019902036607373	0.000773395204949729	0.978396493941738
3	0.0	0.00178843827257903	0.998158960601757	5.26011256640892e-05
4	0.00730041195181728	0.0031808937790061	0.0	0.989518694269177
5	0.451241321270776	0.5468651378077	0.000157795076793604	0.00173574584472964
6	0.000525872949095499	0.997896508203618	0.0015776188472865	0.0
7	0.00203103843349651	0.000885324445370274	0.988230392667431	0.00885324445370274
8	0.865022564616857	0.00378356201850754	0.041892692710945	0.0893011806536901
9	0.964472681067344	0.00071156289707751	0.000203303684879288	0.0346124523506989
10	0.968954248366013	0.00051062091503268	0.0	0.0305351307189542
11	0.0457419898819562	0.324673271500843	0.420373102866779	0.209211635750422
