Pos	A	C	G	T
1	0.176029962546816	0.149812734082397	0.34956304619226	0.324594257178527
2	0.082610912799592	0.408465068842427	0.26925038245793	0.239673635900051
3	0.0416666666666667	0.0281531531531532	0.902027027027027	0.0281531531531532
4	0.0148063781321185	0.0193621867881549	0.912300683371298	0.0535307517084282
5	0.0301399354144241	0.031216361679225	0.86221743810549	0.0764262648008611
6	0.0278086763070078	0.0433815350389321	0.890989988876529	0.0378197997775306
7	0.0338600451467269	0.00790067720090293	0.904063205417607	0.054176072234763
8	0.0559910414333707	0.013437849944009	0.896976483762598	0.0335946248600224
9	0.20790273556231	0.48693009118541	0.206686930091185	0.0984802431610942
10	0.0729064039408867	0.0394088669950739	0.789162561576355	0.0985221674876847
11	0.0735751295336788	0.0963730569948187	0.239378238341969	0.590673575129534
12	0.145880574452003	0.199546485260771	0.248677248677249	0.405895691609977
13	0.130922693266833	0.235660847880299	0.478802992518703	0.154613466334165
