Pos	A	C	G	T
1	0.300859598853868	0.0694842406876791	0.458452722063037	0.171203438395415
2	0.224740932642487	0.0265544041450777	0.678756476683938	0.0699481865284974
3	0.116468378209142	0.00939261114589856	0.403882279273638	0.470256731371321
4	0.142340168878166	0.0162846803377563	0.841375150784077	0.0
5	0.0	0.0170998632010944	0.954172366621067	0.0287277701778386
6	0.0112994350282486	0.00353107344632768	0.985169491525424	0.0
7	0.0428571428571429	0.866459627329193	0.0	0.0906832298136646
8	0.00711743772241993	0.0	0.99288256227758	0.0
9	0.0229817324690631	0.0	0.154979375368297	0.82203889216264
10	0.0487661574618096	0.04524089306698	0.819623971797885	0.0863689776733255
11	0.150442477876106	0.0549604098742431	0.649743828598044	0.144853283651607
12	0.0659025787965616	0.5	0.0967048710601719	0.337392550143266
