Pos	A	C	G	T
1	0.429790535298681	0.193948797517455	0.198215671062839	0.178044996121024
2	0.645318482422555	0.0873651235642186	0.143056038983641	0.124260355029586
3	0.240977881257276	0.114862242918122	0.384167636786962	0.259992239037641
4	0.0171385991058122	0.0964977645305514	0.011177347242921	0.875186289120715
5	0.0	0.0	1.0	0.0
6	0.0	0.00116279069767442	0.0	0.998837209302326
7	0.00463499420625724	0.000386249517188104	0.00656624179219776	0.988412514484357
8	0.835180550589918	0.000715051841258491	0.148015731140508	0.0160886664283161
9	0.95622641509434	0.0	0.0060377358490566	0.0377358490566038
10	0.0	0.999224505622334	0.000387747188832881	0.000387747188832881
11	0.858187134502924	0.0296052631578947	0.000730994152046784	0.111476608187135
12	0.0146322680015402	0.0	0.98536773199846	0.0
13	1.0	0.0	0.0	0.0
14	0.000774893452150329	0.0	0.998450213095699	0.000774893452150329
15	0.000387747188832881	0.999612252811167	0.0	0.0
16	0.171960218158486	0.827077317933911	0.000320821302534488	0.000641642605068977
17	0.000963081861958266	0.171428571428571	0.000321027287319422	0.827287319422151
18	0.0018698578908003	0.913612565445026	0.06282722513089	0.0216903515332835
19	0.344065166795966	0.214507370054306	0.130721489526765	0.310705973622964
