Pos	A	C	G	T
1	0.457446808510638	0.0715477680433876	0.203587818105966	0.267417605340008
2	0.0599104143337066	0.00373273609555804	0.846771183277342	0.0895856662933931
3	0.0755137804683766	0.68026127130795	0.0379162020073283	0.206308746216345
4	0.254416377744758	0.0104011887072808	0.0110615816410764	0.724120851906885
5	0.266182298546896	0.00132100396301189	0.720937912813738	0.011558784676354
6	0.000834550385979554	0.00125182557896933	0.997496348842061	0.000417275192989777
7	0.0166172106824926	0.0183976261127596	0.934520276953511	0.0304648862512364
8	0.0239808153477218	0.0101918465227818	0.0235811350919265	0.94224620303757
9	0.956328346138294	0.00323493732308936	0.0404367165386171	0.0
10	0.00278606965174129	0.04318407960199	0.00477611940298507	0.949253731343284
11	0.597198879551821	0.138795518207283	0.200560224089636	0.0634453781512605
12	0.681916204559458	0.0479051139864449	0.211491065927295	0.0586876155268022
13	0.536290322580645	0.132154006243496	0.0840270551508845	0.247528616024974
14	0.833696441539579	0.0343137254901961	0.0624546114742193	0.0695352214960058
15	0.245046923879041	0.189155370177268	0.385192909280501	0.180604796663191
