Pos	A	C	G	T
1	0.220647773279352	0.121862348178138	0.373279352226721	0.284210526315789
2	0.0428856382978723	0.0944148936170213	0.0415558510638298	0.821143617021277
3	0.0693536673928831	0.00617283950617284	0.896877269426289	0.027596223674655
4	0.040983606557377	0.0816256830601093	0.0338114754098361	0.843579234972678
5	0.0336872940314903	0.0117173196631271	0.0501647748077627	0.90443061149762
6	0.00544323483670296	0.00349922239502333	0.0307153965785381	0.960342146189736
7	0.342914979757085	0.0	0.657085020242915	0.0
8	0.0	0.0975873244508462	0.0129636298163486	0.889449045732805
9	0.0409672830725462	0.0460881934566145	0.210241820768137	0.702702702702703
10	0.0	0.0484739676840215	0.21244763614602	0.739078396169958
11	0.427030266706623	0.0161821995804615	0.313455199280791	0.243332334432125
12	0.0437246963562753	0.451417004048583	0.0744939271255061	0.430364372469636
