Pos	A	C	G	T
1	0.26438188494492	0.118727050183599	0.0660954712362301	0.550795593635251
2	0.103049421661409	0.0378548895899054	0.859095688748686	0.0
3	0.073038773669973	0.113615870153291	0.0766456266907124	0.736699729486023
4	0.0856890459363958	0.00088339222614841	0.191696113074205	0.721731448763251
5	0.0622140896614822	0.0393412625800549	0.15096065873742	0.747483989021043
6	0.916947250280584	0.00561167227833894	0.0774410774410774	0.0
7	0.0	0.51409978308026	0.112798264642082	0.373101952277657
8	0.325023969319271	0.0594439117929051	0.458293384467881	0.157238734419942
9	0.0498812351543943	0.224069675376089	0.0791765637371338	0.646872525732383
10	0.529713114754098	0.0327868852459016	0.129098360655738	0.308401639344262
11	0.404170804369414	0.0655412115193644	0.408142999006951	0.12214498510427
12	0.104039167686659	0.252141982864137	0.363525091799266	0.280293757649939
