Pos	A	C	G	T
1	0.194947514130811	0.249509747375707	0.109355173607106	0.446187564886377
2	0.279802842732691	0.0170793214121962	0.00699220541036222	0.69612563044475
3	0.58306414397785	0.0261882787263498	0.325796031379788	0.0649515459160129
4	0.402746255106673	0.0435769405356332	0.0630957784838856	0.490581025873808
5	0.0163692167784472	0.00284187791292486	0.971353870637717	0.00943503467091054
6	0.000781948168007149	0.12902144772118	0.00189901697944593	0.868297587131367
7	0.638351749539595	0.359000920810313	0.000575506445672192	0.00207182320441989
8	0.996893695352048	0.00103543488265071	0.000460193281178095	0.00161067648412333
9	0.997463392136516	0.000461201429724432	0.000230600714862216	0.00184480571889773
10	0.0	0.0128877737226277	0.0	0.987112226277372
11	0.998272486467811	0.0	0.00161234596337671	0.000115167568812622
12	0.00218717624035916	0.000690687233797629	0.000460458155865086	0.996661678369978
13	0.00149476831091181	0.000459928711049787	0.00160975048867426	0.996435552489364
14	0.00621833256563795	0.0	0.169622293873791	0.824159373560571
15	0.422572480441786	0.000575241601472618	0.573976069949379	0.00287620800736309
16	0.0188442211055276	0.800708085883965	0.00628140703517588	0.174166285975331
17	0.331872188257008	0.114776790863998	0.126658207405698	0.426692813473296
18	0.0257373875412823	0.314201116046008	0.0187905705500512	0.641270925862658
19	0.674687750658875	0.00343760742523204	0.0173026240403346	0.304572017875559
20	0.390862944162437	0.084910013844024	0.342985694508537	0.181241347485002
