Pos	A	C	G	T
1	0.280934809348094	0.165805658056581	0.227306273062731	0.325953259532595
2	0.01520232506148	0.0693047171920411	0.00648334451151353	0.909009613234965
3	0.170373393185064	0.0	0.829626606814936	0.0
4	0.0234186911796892	0.075727730356752	0.0109433136353688	0.88991026482819
5	0.0195058517555267	0.00715214564369311	0.0921109666233203	0.88123103597746
6	0.00301023479831427	0.0	0.385009030704395	0.611980734497291
7	0.615407900711367	0.00211896473437264	0.290449523232935	0.0920236113213259
8	0.0247914735866543	0.642724745134384	0.0333642261353105	0.299119555143652
9	0.206150061500615	0.184747847478475	0.409594095940959	0.199507995079951
10	0.129781253818893	0.235366002688501	0.137968960039105	0.496883783453501
11	0.394277220364177	0.0607580824972129	0.183760683760684	0.361204013377926
12	0.26469864698647	0.224354243542435	0.28610086100861	0.224846248462485
