Pos	A	C	G	T
1	0.0	0.408376963350785	0.340314136125654	0.25130890052356
2	0.0213675213675214	0.0256410256410256	0.816239316239316	0.136752136752137
3	0.0568181818181818	0.0189393939393939	0.200757575757576	0.723484848484849
4	0.0	0.0	0.974489795918367	0.0255102040816327
5	0.138059701492537	0.0261194029850746	0.123134328358209	0.712686567164179
6	0.132575757575758	0.0833333333333333	0.723484848484849	0.0606060606060606
7	0.0963302752293578	0.0	0.876146788990826	0.0275229357798165
8	0.0528301886792453	0.120754716981132	0.720754716981132	0.105660377358491
9	0.0211864406779661	0.0508474576271186	0.809322033898305	0.11864406779661
10	0.595015576323987	0.0903426791277259	0.143302180685358	0.171339563862928
11	0.373684210526316	0.152631578947368	0.236842105263158	0.236842105263158
