Pos	A	C	G	T
1	0.186786045075641	0.100339610991047	0.262117937635073	0.45075640629824
2	0.0	0.00826699326393142	0.0	0.991733006736069
3	0.0764185913886513	0.0	0.923581408611349	0.0
4	0.0	0.0428486997635934	0.0	0.957151300236407
5	0.0172934394729618	0.00411748558880044	0.0894866867965962	0.889102388141642
6	0.000421141292903769	0.00189513581806696	0.315645399031375	0.682038323857654
7	0.545561731514233	0.0	0.39548593565774	0.0589523328280276
8	0.0	0.523794903285232	0.00552655818237642	0.470678538532392
9	0.173819079962952	0.143871565297931	0.386847792528558	0.295461562210559
10	0.0821039127645927	0.218890314304041	0.179602309172546	0.51940346375882
11	0.357769282662469	0.0607150888239262	0.210928715988307	0.370586912525298
12	0.278567016676961	0.251698579369981	0.258492896849907	0.21124150710315
