Pos	A	C	G	T
1	0.264367816091954	0.156259707983846	0.0714507611059335	0.507921714818267
2	0.424487259167185	0.0161591050341827	0.233374766935985	0.325978868862648
3	0.00621310966138552	0.454488971730351	0.041627834731283	0.49767008387698
4	0.698199175526145	0.0442612280321111	0.108483402039488	0.149056194402256
5	0.0	0.0	0.0	1.0
6	0.119305310848226	0.0284419833878681	0.0422854266297508	0.809967279134156
7	0.0	0.00402103309619548	0.000618620476337767	0.995360346427467
8	0.999689344516931	0.0	0.0	0.000310655483069276
9	0.0	0.00919963201471941	0.00398650720637841	0.986813860778902
10	0.0439691027926322	0.0	0.956030897207368	0.0
11	0.0	0.0459531574266232	0.0	0.954046842573377
12	0.23952711385248	0.160370084811103	0.0125931637111282	0.587509637625289
13	0.0	0.0	0.0	1.0
14	0.915244596131968	0.0	0.0784982935153584	0.00625711035267349
15	0.0	0.438405797101449	0.0283816425120773	0.533212560386473
16	0.470899470899471	0.0220458553791887	0.475014697236919	0.0320399764844209
17	0.0823237030133582	0.260018639328984	0.0736253494874185	0.584032308170239
