Pos	A	C	G	T
1	0.118125401241173	0.344960410870961	0.113845495399101	0.423068692488765
2	0.273497036409822	0.0139712108382727	0.00867908552074513	0.70385266723116
3	0.633963832882977	0.0182914155061318	0.317397630430264	0.0303471211806277
4	0.453879941434846	0.00522903158335076	0.0455971554068187	0.495293871574984
5	0.0161189030772451	0.00334938245760938	0.968599539459912	0.0119321750052334
6	0.00298329355608592	0.199681782020684	0.00616547334924423	0.791169451073986
7	0.653117684613748	0.340285167056821	0.0	0.00659714832943179
8	0.992129334184216	0.00297808976813444	0.00170176558179111	0.00319081046585833
9	0.99235506476959	0.000849437247823317	0.00318538967933744	0.0036101083032491
10	0.0	0.104292095552534	0.000582637405321422	0.895125267042144
11	0.983572030328559	0.0	0.0164279696714406	0.0
12	0.0507480792559644	0.00343712090578245	0.0068742418115649	0.938940558026688
13	0.0174745163303516	0.00707301851466611	0.00478468899521531	0.970667776159767
14	0.0174553101997897	0.00399579390115668	0.163196635120925	0.815352260778128
15	0.345412651864265	0.0113112693757855	0.633221617092585	0.0100544616673649
16	0.0344255495644961	0.686644545831605	0.0292409788469515	0.249688925756947
17	0.331977739726027	0.116866438356164	0.0466609589041096	0.504494863013699
18	0.065359477124183	0.304125816993464	0.0257352941176471	0.604779411764706
19	0.625130671126908	0.0169349780472507	0.0238344135479824	0.334099937277859
20	0.310935159426493	0.120693344746416	0.393965332762679	0.174406163064413
