Pos	A	C	G	T
1	0.346346346346346	0.0859192525859193	0.167334000667334	0.4004004004004
2	0.032748354747728	0.0195863365716076	0.00830460670636164	0.939360701974303
3	0.277013989387361	0.0	0.722986010612639	0.0
4	0.00545184206178754	0.00413018338014208	0.0	0.99041797455807
5	0.00176508344030809	0.00272785622593068	0.0335365853658537	0.961970474967908
6	0.00164794007490637	0.00164794007490637	0.0985767790262172	0.89812734082397
7	0.838696138780078	0.0	0.140598768886402	0.0207050923335199
8	0.00068886337543054	0.688289322617681	0.0115958668197474	0.299425947187141
9	0.259049207673061	0.125437864887406	0.201501251042535	0.414011676396997
10	0.00310642895732037	0.174770394381415	0.0124257158292815	0.809697460831983
11	0.63175339741465	0.000497182631753397	0.00596619158104077	0.361783228372555
12	0.500627702608453	0.0431022457804436	0.33561166131957	0.120658390291533
13	0.0737404070737404	0.386052719386053	0.305972639305973	0.234234234234234
