Pos	A	C	G	T
1	0.308153477218225	0.11031175059952	0.0767386091127098	0.504796163069544
2	0.120041753653445	0.00939457202505219	0.870563674321503	0.0
3	0.0709219858156028	0.150709219858156	0.0390070921985816	0.73936170212766
4	0.109046849757674	0.0282714054927302	0.189014539579968	0.673667205169628
5	0.0231436837029894	0.0356798457087753	0.136933461909354	0.804243008678881
6	0.940248027057497	0.0	0.0597519729425028	0.0
7	0.0	0.555070883315158	0.0894220283533261	0.355507088331516
8	0.382407407407407	0.0722222222222222	0.390740740740741	0.15462962962963
9	0.0656077348066298	0.281767955801105	0.0766574585635359	0.575966850828729
10	0.476878612716763	0.0578034682080925	0.138728323699422	0.326589595375723
11	0.370666666666667	0.117333333333333	0.371555555555556	0.140444444444444
12	0.10431654676259	0.284172661870504	0.329736211031175	0.281774580335731
