Pos	A	C	G	T
1	0.273072680475549	0.135188135800956	0.405319279323447	0.186419904400049
2	0.186672243133975	0.0495608531994981	0.195036944095915	0.568729959570612
3	0.0	0.0	0.0116293155663234	0.988370684433677
4	0.0	0.0	0.000367556971330556	0.999632443028669
5	0.0939478067740144	0.0	0.0	0.906052193225986
6	0.995	0.005	0.0	0.0
7	0.0	0.931605389358301	0.0	0.068394610641699
8	0.0134220072551391	0.0	0.986577992744861	0.0
9	0.996579943813363	0.00342005618663735	0.0	0.0
10	0.0	0.0812345943628764	0.874397170721252	0.0443682349158718
11	0.208726559627405	0.37320750091923	0.277730113984557	0.140335825468807
