Pos	A	C	G	T
1	0.39912039582188	0.25783397471138	0.213441451346894	0.129604178119846
2	0.141637368156705	0.608990457056755	0.20843797086891	0.0409342039176293
3	0.0	0.948624331725127	0.0	0.0513756682748729
4	0.954975059070622	0.0068259385665529	0.0	0.0381990023628249
5	0.0199892675073786	0.975986047759592	0.0	0.00402468473302925
6	0.0	0.000548847420417124	0.00123490669593853	0.998216245883644
7	0.0	0.0352738363612253	0.0	0.964726163638775
8	0.837844063111828	0.0659910169296326	0.0412299896349188	0.0549349303236209
9	0.474900450421046	0.171616946275867	0.192114367778576	0.161368235524512
10	0.170560747663551	0.478147333699835	0.191176470588235	0.160115448048378
