Pos	A	C	G	T
1	0.0480914384300194	0.187836963554022	0.0317015311623895	0.732370066853569
2	0.0109919571045576	0.0659517426273458	0.910455764075067	0.0126005361930295
3	0.801889020070838	0.00944510035419126	0.0587957497048406	0.12987012987013
4	0.00911421247507833	0.967245798917687	0.00512674451723156	0.0185132440900028
5	0.869654289372599	0.00230473751600512	0.123175416133163	0.00486555697823303
6	0.0135413600235502	0.261995878716515	0.582867235796291	0.141595525463644
7	0.155182567726737	0.583922261484099	0.251766784452297	0.0091283863368669
8	0.0062031532695787	0.113982941328509	0.00206771775652623	0.877746187645386
9	0.0193291642978965	0.00625355315520182	0.965321205230244	0.00909607731665719
10	0.129431358553414	0.0547228170354509	0.00785153461812991	0.807994289793005
11	0.00979325353645267	0.923830250272035	0.0576713819368879	0.00870511425462459
12	0.733952885238816	0.0237735033499027	0.190836395072401	0.0514372163388805
