Pos	A	C	G	T
1	0.177517081345881	0.412659533324739	0.303210003867475	0.106613381461905
2	0.0	0.9389904369931	0.0	0.0610095630068999
3	0.960738171909834	0.0	0.039261828090166	0.0
4	0.349164467897977	0.625455459228546	0.0118105289609247	0.0135695439125518
5	0.0	0.0	0.0	1.0
6	0.007617575623758	0.136012364760433	0.0	0.856370059615809
7	0.666408934707904	0.00618556701030928	0.191323024054983	0.136082474226804
8	0.462083755286829	0.167867993089891	0.214392089116578	0.155656162506702
9	0.115379657083924	0.590692277942504	0.160500193373727	0.133427871599845
