Pos	A	C	G	T
1	0.149081007488087	0.257998638529612	0.17358747447243	0.419332879509871
2	0.536353671903544	0.188162221410303	0.106686152721958	0.168797953964194
3	0.859988283538371	0.0439367311072056	0.0345635618043351	0.0615114235500879
4	0.00387847446670976	0.00646412411118293	0.0407239819004525	0.948933419521655
5	0.0427350427350427	0.102029914529915	0.0710470085470085	0.784188034188034
6	0.73991935483871	0.106854838709677	0.116431451612903	0.0367943548387097
7	0.228046289993193	0.236895847515317	0.439754935330157	0.0953029271613342
8	0.131561008861622	0.45535105657805	0.192229038854806	0.220858895705521
9	0.0719882468168462	0.121449559255632	0.0876591576885406	0.718903036238981
10	0.753980482794042	0.0914227015921931	0.102208525937339	0.0523882896764253
11	0.939219449776072	0.0223928342930262	0.0153550863723608	0.0230326295585413
12	0.0543735224586288	0.0407801418439716	0.0372340425531915	0.867612293144208
13	0.150587397650409	0.0996796012815949	0.227127091491634	0.522605909576362
14	0.439373297002725	0.166893732970027	0.23841961852861	0.155313351498638
