Pos	A	C	G	T
1	0.37057083062712	0.120877534819947	0.273580140001443	0.23497149455149
2	0.00932853489913818	0.656122738895729	0.00250970735865139	0.332039018846482
3	0.00121741621311945	0.00572901747350329	0.992265826410771	0.000787739902606703
4	0.127526348419095	0.859020458772474	0.0	0.0134531928084315
5	0.99719323497661	0.00280676502338971	0.0	0.0
6	0.000648088139987038	0.000144019586663786	0.00144019586663786	0.997767696406711
7	0.401200339226303	0.502707286841934	0.0879378954922043	0.00815447843955901
8	0.00816413460173222	0.00816413460173222	0.0	0.983671730796536
9	0.210242171834027	0.712427374158054	0.047200370198982	0.0301300838089362
10	0.976393488830949	0.00133887675287154	0.0222676344161793	0.0
11	0.0	0.000144289733785441	0.000216434600678162	0.999639275665536
12	0.0	0.0	0.00122540185972753	0.998774598140272
13	0.96022176022176	0.0	0.0097020097020097	0.0300762300762301
14	0.319956694334175	0.21652832912306	0.156116925297726	0.307398051245038
