Pos	A	C	G	T
1	0.0925581395348837	0.598976744186047	0.159255813953488	0.149209302325581
2	0.126553672316384	0.124888492417484	0.109247695509961	0.63931013975617
3	0.405963122793252	0.437583366025892	0.10890545311887	0.0475480580619851
4	0.987053530437976	0.00780460931043981	0.00293820585804793	0.00220365439353595
5	0.0	0.00111503438022672	0.0	0.998884965619773
6	0.00763636363636364	0.0124545454545455	0.00263636363636364	0.977272727272727
7	0.487162790697674	0.0	0.0	0.512837209302326
8	0.170048840888767	0.0739492329916764	0.739492329916764	0.0165095962027929
9	0.0	0.995923661293311	0.000463220307578284	0.00361311839911062
10	0.984522392160454	0.00228958695851268	0.00943309826907226	0.0037549226119608
11	0.0	0.00536143464596044	0.000924385283786282	0.993714180070253
12	0.787892113749634	0.0331281149223102	0.0760773966578716	0.102902374670185
13	0.395777137010511	0.242954143800577	0.0749697702539299	0.286298948934983
