Pos	A	C	G	T
1	0.283029297954671	0.319237147595357	0.205500276395799	0.192233278054174
2	0.757195185766614	0.0884353741496599	0.0524332810047096	0.101936159079016
3	0.0180754917597023	0.0143540669856459	0.00598086124401914	0.961589580010633
4	0.08	0.123183023872679	0.0291777188328912	0.76763925729443
5	0.414598148396619	0.0167717697571448	0.0124781966993157	0.556151885146921
6	0.209115044247788	0.121504424778761	0.640265486725664	0.0291150442477876
7	0.0347305389221557	0.962741184298071	0.0	0.00252827677977379
8	0.893320162983084	0.0279046795900728	0.0575379676503272	0.0212371897765156
9	0.00204081632653061	0.0136054421768707	0.0	0.984353741496599
10	0.562465987716707	0.0845059472906787	0.265334680867605	0.0876933841250097
11	0.282515549412578	0.271043538355218	0.144574982722875	0.30186592950933
