Pos	A	C	G	T
1	0.1	0.216666666666667	0.283333333333333	0.4
2	0.28169014084507	0.0845070422535211	0.577464788732394	0.0563380281690141
3	0.19672131147541	0.344262295081967	0.163934426229508	0.295081967213115
4	0.19672131147541	0.147540983606557	0.426229508196721	0.229508196721311
5	0.0537634408602151	0.655913978494624	0.10752688172043	0.182795698924731
6	0.449275362318841	0.0	0.434782608695652	0.115942028985507
7	0.163934426229508	0.262295081967213	0.19672131147541	0.377049180327869
8	0.0625	0.270833333333333	0.03125	0.635416666666667
9	0.0933333333333333	0.386666666666667	0.426666666666667	0.0933333333333333
10	0.753086419753086	0.0246913580246914	0.197530864197531	0.0246913580246914
11	0.376623376623377	0.0779220779220779	0.12987012987013	0.415584415584416
12	0.025974025974026	0.181818181818182	0.792207792207792	0.0
13	0.0	0.884057971014493	0.0144927536231884	0.101449275362319
14	0.164383561643836	0.0	0.835616438356164	0.0
15	0.0	0.0	0.0	1.0
16	0.242718446601942	0.0	0.592233009708738	0.16504854368932
17	0.726190476190476	0.0	0.0	0.273809523809524
18	0.677777777777778	0.0555555555555556	0.144444444444444	0.122222222222222
19	0.642105263157895	0.105263157894737	0.168421052631579	0.0842105263157895
20	0.0652173913043478	0.173913043478261	0.0978260869565217	0.66304347826087
21	0.147540983606557	0.311475409836066	0.344262295081967	0.19672131147541
