Pos	A	C	G	T
1	0.105695509309967	0.499452354874042	0.230558598028478	0.164293537787514
2	0.078031538879826	0.49673735725938	0.056552474170745	0.368678629690049
3	0.847402597402597	0.00927643784786642	0.0166975881261596	0.126623376623377
4	0.018887722980063	0.0	0.0225603357817419	0.958551941238195
5	0.00868149755832881	0.0	0.0	0.991318502441671
6	0.0361757105943152	0.0180878552971576	0.944186046511628	0.00155038759689922
7	0.0240384615384615	0.0	0.0	0.975961538461538
8	0.0901339829476248	0.106780349167682	0.0613073487616728	0.741778319123021
9	0.160754504504505	0.514358108108108	0.116554054054054	0.208333333333333
10	0.159858688452197	0.188562596599691	0.248178405829101	0.403400309119011
