Pos	A	C	G	T
1	0.0130662020905923	0.754355400696864	0.181184668989547	0.0513937282229965
2	0.0791765637371338	0.0332541567695962	0.0372129849564529	0.850356294536817
3	0.0584132519616391	0.00523103748910201	0.0	0.936355710549259
4	0.0188003581020591	0.0196956132497762	0.0	0.961504028648165
5	0.0	0.0960130187144019	0.873881204231082	0.0301057770545159
6	0.991689750692521	0.00369344413665743	0.00461680517082179	0.0
7	0.115321252059308	0.0	0.0	0.884678747940692
8	0.016994633273703	0.505366726296959	0.455277280858676	0.0223613595706619
9	0.131516587677725	0.162322274881517	0.0699052132701422	0.636255924170616
