Pos	A	C	G	T
1	0.557411957411957	0.0581490581490582	0.283701883701884	0.100737100737101
2	0.0205807275047862	0.577855775366943	0.00542437779195916	0.396139119336311
3	0.000326370757180157	0.00114229765013055	0.996246736292428	0.0022845953002611
4	0.00178282009724473	0.00486223662884927	0.989465153970827	0.00388978930307942
5	0.984677419354839	0.00403225806451613	0.00516129032258065	0.00612903225806452
6	0.99543453448557	0.00244578509701614	0.00130441871840861	0.000815261699005381
7	0.823886639676113	0.0885290148448043	0.0140350877192982	0.0735492577597841
8	0.388370188370188	0.301719901719902	0.165601965601966	0.144307944307944
9	0.38001638001638	0.14037674037674	0.113677313677314	0.365929565929566
10	0.22997542997543	0.24963144963145	0.244881244881245	0.275511875511876
11	0.228828828828829	0.271908271908272	0.261752661752662	0.237510237510238
12	0.279115479115479	0.244389844389844	0.245372645372645	0.231122031122031
13	0.365274365274365	0.118755118755119	0.142506142506143	0.373464373464373
14	0.15020475020475	0.167076167076167	0.299262899262899	0.383456183456183
15	0.0758166420217771	0.0149213603979029	0.088587175695658	0.820674821884662
16	0.00308591846678577	0.00194900113691733	0.00341075198960533	0.991554328406692
17	0.00259193260975215	0.00453588206706626	0.00388789891462822	0.988984286408553
18	0.00146723182262798	0.995272253015977	0.0032605151613955	0.0
19	0.0	0.997875122589081	0.0021248774109186	0.0
20	0.394213956445716	0.00476871721506915	0.576219996820855	0.0247973295183596
21	0.10268588273829	0.301834261382247	0.0533901080904029	0.54208974778906
