Pos	A	C	G	T
1	0.270714321823972	0.014761639957535	0.00232546382892675	0.712198574389566
2	0.0200758849238749	0.94351856298929	0.0166178377599539	0.0197877143268815
3	0.855186783747582	0.0797737758595029	0.00347273899885896	0.0615667013940567
4	0.0149480618191031	0.000709399543957436	0.983734481884976	0.000608056751963517
5	0.0	0.99761275904104	0.00182852498984153	0.000558715969118245
6	0.00892244337680165	0.0244141582508089	0.961368761643298	0.00529463672909109
7	0.0140013237615193	0.755155032839468	0.0614021689323354	0.169441474466677
8	0.0	0.989260446887566	0.0107395531124345	0.0
9	0.00952186974896889	0.571312184938133	0.00942003156983553	0.409745913743062
10	0.0	0.954337677494651	0.0365687609414511	0.00909356156389807
11	0.0	0.0	1.0	0.0
12	0.98051188113774	0.0	0.000661476619345647	0.0188266422429146
13	0.0029426433915212	0.00483790523690773	0.0130174563591022	0.979201995012469
14	0.0221923335574983	0.0177730809876069	0.942982034777596	0.0170525506772985
15	0.315858785392291	0.0476624626449881	0.0016714784987084	0.634807273464013
