Pos	A	C	G	T
1	0.0326004548900682	0.432903714935557	0.317285822592873	0.217210007581501
2	0.0260809883321894	0.222717913520933	0.0686341798215511	0.682566918325326
3	0.975591715976331	0.0	0.018491124260355	0.00591715976331361
4	0.0	0.998108210367007	0.00189178963299281	0.0
5	0.00451467268623025	0.0	0.99247554552295	0.00300978179082017
6	0.00771491550330639	0.0161645848640705	0.00698016164584864	0.969140337986774
7	0.86265533028123	0.0179856115107914	0.0549378678875082	0.0644211903204709
8	0.236632536973834	0.43230944254835	0.293894577171028	0.037163443306788
9	0.0	0.525645825533508	0.468738300262074	0.00561587420441782
10	0.0272934040940106	0.258529188779378	0.471569370735406	0.242608036391205
11	0.0993908303943572	0.0442449503045848	0.0105803142032703	0.845783905097788
12	0.949945984875765	0.0	0.0432120993878286	0.00684191573640619
13	0.001508864579404	0.995096190116937	0.001131648434553	0.002263296869106
14	0.00189178963299281	0.0	0.998108210367007	0.0
15	0.00373692077727952	0.0093423019431988	0.00112107623318386	0.985799701046338
16	0.648305084745763	0.0575564971751412	0.283545197740113	0.0105932203389831
17	0.241470811220622	0.284306292645944	0.464746019711903	0.00947687642153146
