Pos	A	C	G	T
1	0.120054703526424	0.455699912083618	0.211976164892058	0.2122692194979
2	0.115308604439039	0.401261781696564	0.10656734569778	0.376862268166616
3	0.918198941609113	0.00430531886267827	0.0335456094717015	0.0439501300565073
4	0.0175895765472313	0.0100511865984179	0.019637040483946	0.952722196370405
5	0.0	0.000585765888899736	0.0	0.9994142341111
6	0.010913656557852	0.000386324125941665	0.988700019316206	0.0
7	0.00938649119411651	0.0	0.0	0.990613508805884
8	0.0387503027367401	0.0779042544603213	0.0569145071445871	0.826430935658351
9	0.136628062123072	0.546352137481988	0.0911565351977371	0.225863265197203
10	0.135857298871496	0.118820531488897	0.325300327630142	0.420021842009465
