Pos	A	C	G	T
1	0.1225993979518449	0.2443298706205764	0.2172945639947185	0.4157761674328603
2	0.1866331938612648	0.0894754006729429	0.4513828003685197	0.2725086050972726
3	0.1767988885405819	0.4718959666251641	0.099252227126722	0.2520529177075321
4	0.1578318676375283	0.429935313180119	0.2879124051337043	0.1243204140486486
5	0.6798249621841541	0.1161465995613352	0.1138054665278507	0.09022297172666
6	0.0988680599764804	0.7274372218930557	0.0722808832088248	0.101413834921639
7	0.1077962610200635	0.0571373413758349	0.7450285548878451	0.0900378427162564
8	0.1147658330624205	0.1179867075840946	0.1018444851643312	0.6654029741891538
9	0.1234438065162955	0.4051688427610186	0.3021846483249209	0.1692027023977651
10	0.4538571838543411	0.0551556790793463	0.2880249886075525	0.2029621484587601
11	0.2337225067177529	0.263519528179425	0.18954269372755	0.3132152713752722
12	0.2872038436440716	0.4210230289068747	0.1605130933305426	0.1312600341185109
