Pos	A	C	G	T
1	0.2295698728340934	0.2978326909746069	0.2425223216991125	0.2300751144921873
2	0.2105999401696184	0.2560039767149463	0.2111124952073954	0.3222835879080398
3	0.2794355225053541	0.2795841713576641	0.2754290148373972	0.1655512912995847
4	0.2439016999009874	0.2049246638581825	0.0965216909831696	0.4546519452576606
5	0.1704341758632798	0.1586578634193506	0.1297093028964481	0.5411986578209212
6	0.1003195075089461	0.3153055098889319	0.4855216242648255	0.0988533583372966
7	0.0711259556345513	0.0771227084852394	0.0523255353346677	0.7994258005455417
8	0.0529100554234184	0.1880296041423886	0.048646944081764	0.7104133963524291
9	0.2684304725876935	0.0400663999173167	0.6721576002718209	0.0193455272231688
10	0.0770701183210998	0.0654335445423084	0.0809657392416025	0.7765305978949895
11	0.0650142199973216	0.0602442848138094	0.0430475165278355	0.8316939786610336
12	0.0653504004298738	0.0836281162480374	0.5053959148365359	0.3456255684855529
13	0.2360273702406235	0.0617259135208282	0.5512115910930817	0.1510351251454665
14	0.1758792268734217	0.0893771838763782	0.1005677926641152	0.6341757965860849
15	0.0718011365338629	0.0943152912711376	0.1471150880301293	0.6867684841648701
16	0.1441437125207733	0.2539345828723756	0.3501429632517035	0.2517787413551477
17	0.178039892653154	0.2975313586552091	0.3246057381708897	0.1998230105207473
18	0.1403779838402964	0.3114014251248635	0.2885266648432724	0.2596939261915678
19	0.204463307013192	0.3400291245827261	0.2896964538727745	0.1658111145313075
20	0.2844636099287046	0.1843121172724361	0.3349642565767998	0.1962600162220594
