Pos	A	C	G	T
1	0.2358102083942338	0.2737322092220806	0.2527922954385498	0.237665286945136
2	0.1887314905076122	0.2725413522422063	0.296082997161445	0.2426441600887365
3	0.1645510452030501	0.2755874502397206	0.3256054917865303	0.234256012770699
4	0.1740052907934062	0.2143195199481156	0.3450179667529072	0.2666572225055709
5	0.1743754105584117	0.2192571312252079	0.2876203446611094	0.318747113555271
6	0.2617015084866889	0.2039505147720764	0.3263788087186347	0.2079691680225999
7	0.1314943524438804	0.3756007865975329	0.1185331276721772	0.3743717332864095
8	0.1943595149192334	0.392786063641046	0.2107377760548023	0.2021166453849183
9	0.4838331318064983	0.149410265881616	0.2578591509604057	0.1088974513514799
10	0.6477220464552995	0.1067879133180498	0.1402742200365082	0.1052158201901425
11	0.0577169974660707	0.0819877090114892	0.0693100885218612	0.7909852050005788
12	0.7615812782690393	0.0925633975760376	0.0729115412776181	0.0729437828773046
13	0.7446380115665092	0.0883755299589357	0.0971370996677065	0.0698493588068483
14	0.6633575145428551	0.1872449959758849	0.0922718124817489	0.057125676999511
15	0.0473401396747426	0.0648256369047934	0.8509057818768349	0.036928441543629
16	0.1044522282320353	0.1603552972135748	0.1305686920304247	0.6046237825239652
17	0.0806801210141233	0.0941359778291857	0.1024067751886257	0.7227771259680652
18	0.145211254977374	0.1616798260974864	0.2232995470493837	0.4698093718757559
19	0.117908673884345	0.1952244398069947	0.1605822000156146	0.5262846862930457
20	0.3097801269946867	0.2226091755955721	0.2668325475267361	0.200778149883005
