Pos	A	C	G	T
1	0.323	0.195	0.262	0.221
2	0.291	0.239	0.24	0.23
3	0.268	0.185	0.278	0.269
4	0.367	0.214	0.195	0.224
5	0.262	0.223	0.195	0.32
6	0.361	0.191	0.242	0.205
7	0.198	0.029	0.096	0.677
8	0.098	0.001	0.876	0.025
9	0.134	0.001	0.856	0.009
10	0.035	0.01	0.875	0.08
11	0.604	0.271	0.096	0.029
12	0.067	0.134	0.006	0.793
13	0.885	0.001	0.111	0.003
14	0.041	0.089	0.389	0.48
15	0.856	0.105	0.038	0.001
16	0.006	0.828	0.001	0.165
17	0.038	0.261	0.042	0.659
18	0.223	0.192	0.192	0.394
19	0.477	0.051	0.361	0.112
20	0.124	0.102	0.319	0.454
21	0.272	0.374	0.281	0.073
22	0.23	0.425	0.083	0.262
23	0.166	0.303	0.121	0.409
24	0.32	0.252	0.214	0.214
25	0.288	0.256	0.255	0.201
26	0.304	0.236	0.239	0.22
27	0.291	0.224	0.201	0.284
