Pos	A	C	G	T
1	0.2705841499160803	0.1950818290270384	0.3055173410370272	0.228816680019854
2	0.1253943821021402	0.311614925033758	0.1101666805915522	0.4528240122725498
3	0.557724201923975	0.2220306971797935	0.1347833700514902	0.0854617308447413
4	0.8213244004360261	0.098734008778408	0.0484042521550157	0.0315373386305502
5	0.0214685737289602	0.0333221769272809	0.914897206959961	0.030312042383798
6	0.257209869209683	0.5019190755311225	0.0374246930418171	0.2034463622173771
7	0.8804505410508544	0.0300990869080475	0.0515104533980748	0.0379399186430235
8	0.8667920905809684	0.0475441755504659	0.0441569511581946	0.041506782710371
9	0.0289161935946264	0.2155074791179973	0.1861085973142102	0.569467729973166
10	0.2503771195111621	0.4698659304214751	0.2345483165091104	0.0452086335582523
11	0.1944870833740444	0.4458315251153398	0.0825997658504755	0.2770816256601403
12	0.262900626297882	0.5642314545474582	0.085596136569007	0.0872717825856529
13	0.1750487916154319	0.2575893480059709	0.1418820294446131	0.4254798309339841
14	0.4438953270616575	0.1512961021544851	0.2157726081543914	0.189035962629466
15	0.200615343813824	0.2456239509836776	0.3378960207889539	0.2158646844135444
16	0.2106717218254642	0.2491348723163885	0.3031910729184297	0.2370023329397175
17	0.1589949925788794	0.2643053742321053	0.3643700456313005	0.2123295875577148
18	0.1974537464965883	0.4131250962787375	0.2039388570005473	0.1854823002241269
19	0.2317693298693737	0.2335996722255059	0.3239705827295404	0.2106604151755799
20	0.2189042619877834	0.2150791427015077	0.3106517763677921	0.2553648189429168
