Pos	A	C	G	T
1	0.2560334997850534	0.2021662602525937	0.3208371958856409	0.2209630440767121
2	0.3008688074003047	0.155103124535415	0.2923043953140132	0.2517236727502672
3	0.2322890321265288	0.2130792511293391	0.3167329513271268	0.2378987654170054
4	0.2562286467316793	0.1278730148698078	0.5283993036335719	0.0874990347649412
5	0.0827156574265974	0.3196938852987638	0.1770999385987316	0.4204905186759072
6	0.1686544051577623	0.170461716019147	0.5026834928242234	0.1582003859988672
7	0.1529109391693776	0.079631654160305	0.6697389707627129	0.0977184359076048
8	0.123319485309589	0.6133140069423304	0.0633187608452498	0.2000477469028309
9	0.2382255276592385	0.2398059200818388	0.4558085196770923	0.0661600325818305
10	0.1154292117467242	0.2035921297476684	0.0816382403476776	0.5993404181579297
11	0.1121320771404297	0.079481053877055	0.6727226257328369	0.1356642432496784
12	0.4438087440640597	0.0636382735379978	0.4389150612587581	0.0536379211391844
13	0.1169441869595617	0.5908310663101394	0.222955753471353	0.0692689932589458
14	0.0499882383680262	0.3863696472305442	0.1158926746835959	0.4477494397178337
15	0.0934597514247917	0.053498900409058	0.7633134303434678	0.0897279178226828
16	0.4283452904976219	0.3080703436850816	0.1119313936343761	0.1516529721829204
17	0.1933109979462073	0.1167885754367166	0.3088440421721864	0.3810563844448897
18	0.1223729271255549	0.2747992149250991	0.2136382237252102	0.3891896342241359
19	0.2181959844123586	0.3608329484104851	0.2794714670346567	0.1414996001424999
20	0.2328274947723405	0.1912855846005778	0.2424683619468539	0.3334185586802275
