Pos	A	C	G	T
1	0.3550269789788659	0.131032863034307	0.2645367679948648	0.2494033899919623
2	0.3723651399309706	0.074510168479748	0.4749237501158584	0.078200941473423
3	0.0448228386098073	0.8478926958113244	0.0271389192156487	0.0801455463632196
4	0.4275876154262258	0.0846250692132903	0.1517850107713277	0.3360023045891565
5	0.0708066009170348	0.0749940615731393	0.7899284859868828	0.0642708515229431
6	0.0512549552000084	0.0425123207859389	0.8480127622597993	0.0582199617542534
7	0.0407433535589039	0.0669666010437669	0.0409870173889571	0.8513030280083718
8	0.18827361822973	0.0903979145450742	0.6485069797661381	0.0728214874590577
9	0.1412873516219856	0.2149141924527274	0.47596411002652	0.1678343458987669
10	0.1183561962346633	0.4214309192714442	0.2028673922344408	0.2573454922594517
