Pos	A	C	G	T
1	0.0921072048591283	0.1446757864925327	0.6735567717861458	0.0896602368621932
2	0.1598842423523363	0.0785813550261263	0.6816651966073671	0.0798692060141703
3	0.4166224111457043	0.2837522428855003	0.154546712617174	0.1450786333516215
4	0.2374057024596121	0.2593123855692656	0.2506768437285075	0.2526050682426148
5	0.3337167756010522	0.1785265103928388	0.0953893740304667	0.3923673399756422
6	0.6326669223304392	0.1698917371880254	0.1144835329088798	0.0829578075726556
7	0.1286141119866372	0.2401658834663382	0.5501584590734917	0.0810615454735329
8	0.0380095216544281	0.3904043120104914	0.0785867015360691	0.4929994647990116
9	0.7138947175038177	0.0930305291526617	0.1169129139107428	0.076161839432778
10	0.2725266799250001	0.2008692979128176	0.2531868325412142	0.2734171896209681
11	0.3281676404107287	0.2588670411542094	0.1387783164991925	0.2741870019358695
12	0.2615949082214228	0.3817415198506207	0.1351339655258099	0.2215296064021468
13	0.3103230135014888	0.2509156591510563	0.2455333894845355	0.1932279378629193
14	0.2572101943444149	0.2863116999874442	0.1591869983874653	0.2972911072806756
15	0.2738795545000319	0.3103415856450597	0.1996397387651139	0.2161391210897945
16	0.3074784580192552	0.2577208031960349	0.2304993236388625	0.2043014151458475
17	0.2806381805229246	0.2115984379173044	0.2171086393817687	0.2906547421780023
18	0.3196750879922476	0.2926676151062579	0.1852527653944589	0.2024045315070357
19	0.3595597893186633	0.2304604478707974	0.233054148969341	0.1769256138411983
20	0.3758193190807635	0.1903498019946703	0.2039984545337911	0.2298324243907751
