Pos	A	C	G	T
1	0.3719631776829713	0.1190501064029488	0.2833520982397347	0.2256346176743451
2	0.1450032518141378	0.2140273535051107	0.4754768194574977	0.1654925752232537
3	0.2254120637053673	0.1849498195881823	0.3584901351576777	0.2311479815487727
4	0.2660925259194801	0.1968610568485575	0.2977418696182957	0.2393045476136665
5	0.2884280450281075	0.3435738491996881	0.2500761176809431	0.1179219880912612
6	0.1937332441356064	0.2216022636314679	0.35168994010572	0.2329745521272056
7	0.0773536722219148	0.0932941475269794	0.6695259566964586	0.1598262235546472
8	0.1792858658387377	0.187941390303731	0.4150292331501794	0.2177435107073519
9	0.2812188965718111	0.1227205321370055	0.3795527081005469	0.2165078631906366
10	0.4180207653649574	0.3830553781151358	0.1254233016857687	0.073500554834138
11	0.2230404702908443	0.1169538446525858	0.4923066471357141	0.1676990379208558
12	0.0895450932937268	0.1883225137678192	0.5374070329586287	0.184725359979825
13	0.1492597240179406	0.1721384824031521	0.5065763655170734	0.1720254280618339
14	0.3508174113506222	0.18986313193385	0.0844434052055249	0.3748760515100029
15	0.2814277472353789	0.2052182260923655	0.4293389086002181	0.0840151180720377
16	0.0507574707096749	0.1772974851596338	0.0923898380438259	0.6795552060868653
17	0.4570660998520012	0.0738183278961085	0.1773457080335393	0.291769864218351
18	0.4669213730460009	0.3033549280122988	0.1161522156603529	0.1135714832813475
19	0.343754310582511	0.3420895956251578	0.0975908744865989	0.2165652193057321
