Pos	A	C	G	T
1	0.069078	0.594618	0.069065	0.267239
2	0.512794	0.025992	0.396443	0.064771
3	0.038927	0.017378	0.887532	0.056163
4	0.142308	0.538624	0.168145	0.150922
5	0.491264	0.344749	0.10783	0.056156
6	0.422362	0.344736	0.116445	0.116458
7	0.150916	0.23281	0.185374	0.430901
8	0.021698	0.172446	0.349036	0.45682
9	0.878924	0.034607	0.060457	0.026012
10	0.943546	0.025992	0.025992	0.004469
11	0.840172	0.008763	0.094908	0.056156
12	0.017391	0.004456	0.913382	0.064771
13	0.082	0.004456	0.900461	0.013084
14	0.017391	0.000149	0.982298	0.000162
15	0.000162	0.000149	0.000149	0.99954
16	0.000162	0.004456	0.000149	0.995233
17	0.99954	0.000149	0.000149	0.000162
18	0.990926	0.008763	0.000149	0.000162
19	0.202609	0.15521	0.086294	0.555887
