Pos	A	C	G	T
1	0.2086767205713621	0.1926147375083577	0.287277651897191	0.3114308900230891
2	0.1544681152525661	0.1557010593135743	0.3772344793563598	0.3125963460774998
3	0.0336684505560157	0.8118033688001275	0.1175145464809595	0.0370136341628971
4	0.2132490511526189	0.0566230010314305	0.6105136916456202	0.1196142561703303
5	0.4317258535488289	0.0873743668762072	0.2195011037329808	0.261398675841983
6	0.0477910523333291	0.5922672807076529	0.3179752726587975	0.0419663943002205
7	0.0405844073795981	0.2014589651316049	0.1266599685921086	0.6312966588966883
8	0.0404594637462855	0.050260491697536	0.8579300393196693	0.0513500052365091
9	0.501748827582777	0.2205501185749726	0.0832962800494389	0.1944047737928116
10	0.0530513226307801	0.0690376546986919	0.306920110617498	0.57099091205303
11	0.0547532957376969	0.0833190999996565	0.184587457638283	0.6773401466243636
12	0.574269016204706	0.1201189496649897	0.2758700663409875	0.0297419677893168
13	0.0899337178472557	0.258819288722663	0.4017485245557511	0.2494984688743302
14	0.0430078747484726	0.1330486883088349	0.5185212912367398	0.3054221457059525
15	0.2909072460556514	0.2288140559831697	0.2831980844219308	0.1970806135392481
16	0.2917372614329041	0.2065576797517858	0.1775679549630025	0.3241371038523078
17	0.2184935983290749	0.4174177514889566	0.227795345811275	0.1362933043706935
18	0.1114309580664393	0.3211690324731667	0.3802511278858546	0.1871488815745393
19	0.1093919236275159	0.1015208119621176	0.3776518439451805	0.4114354204651859
20	0.2733445181393992	0.1486634421347992	0.3007368105020471	0.2772552292237545
