Pos	A	C	G	T
1	0.135	0.587	0.182	0.096
2	0.127	0.611	0.095	0.167
3	0.175	0.548	0.079	0.198
4	0.158	0.525	0.119	0.198
5	0.174	0.508	0.103	0.215
6	0.261	0.445	0.119	0.175
7	0.182	0.429	0.174	0.214
8	0.229	0.303	0.183	0.285
9	0.222	0.272	0.252	0.254
10	0.229	0.35	0.174	0.246
11	0.222	0.279	0.23	0.269
12	0.246	0.231	0.324	0.199
13	0.231	0.309	0.176	0.285
14	0.191	0.301	0.278	0.23
15	0.191	0.349	0.269	0.191
16	0.254	0.214	0.293	0.239
17	0.358	0.223	0.214	0.205
18	0.382	0.198	0.27	0.15
19	0.547	0.001	0.237	0.215
20	0.001	0.001	0.001	0.997
21	0.001	0.001	0.997	0.001
22	0.023	0.001	0.975	0.001
23	0.174	0.055	0.055	0.716
24	0.501	0.198	0.032	0.269
25	0.008	0.43	0.063	0.499
26	0.334	0.254	0.317	0.095
27	0.174	0.134	0.342	0.349
28	0.039	0.389	0.079	0.492
29	0.001	0.997	0.001	0.001
30	0.008	0.832	0.001	0.159
31	0.563	0.087	0.199	0.151
32	0.168	0.238	0.309	0.284
33	0.206	0.278	0.293	0.223
