Pos	A	C	G	T
1	0.1795314680024	0.2111175762582608	0.414220835254562	0.1951301204847771
2	0.2093964834239344	0.0910694498143852	0.4216655077300149	0.2778685590316657
3	0.1474979586161787	0.5296426521958045	0.0711497765021977	0.251709612685819
4	0.1923451039037803	0.0866408203525374	0.5845499762548938	0.1364640994887886
5	0.1865630547988384	0.4538580499578382	0.1410567815364968	0.2185221137068266
6	0.2841776291429293	0.1603580531213867	0.3422788709000515	0.2131854468356325
7	0.1303296195779589	0.3371023750424532	0.1677992402240593	0.3647687651555288
8	0.1361001222073807	0.0664025612626177	0.7164677464092425	0.081029570120759
9	0.0873911768226422	0.6636359054677791	0.0629796579587525	0.1859932597508261
10	0.0834072367307816	0.0672730099993234	0.7473028449030985	0.1020169083667968
11	0.6506063528576812	0.1378255856932033	0.025807735927857	0.1857603255212586
12	0.0929564464886301	0.7309201026385387	0.0407466423532083	0.1353768085196231
