Pos	A	C	G	T
1	0.2831419578797887	0.1384003496486634	0.4601293019466869	0.1183283905248611
2	0.226585999971081	0.2154350676611373	0.4243801523335435	0.1335987800342378
3	0.0876325657087599	0.1866726359027638	0.5918516865888993	0.1338431117995772
4	0.1065218576765633	0.0916049370139619	0.7355220341183987	0.0663511711910763
5	0.3476828413883618	0.1280834375744566	0.4272539216065626	0.0969797994306187
6	0.2614080500737319	0.1655146350253437	0.4376348105235881	0.1354425043773363
7	0.2659379266052785	0.3866107149248815	0.09470351228363	0.2527478461862101
8	0.1068228128809242	0.1711450685542391	0.1485542777854131	0.5734778407794237
9	0.318052861642118	0.2486331056850931	0.343882595312262	0.0894314373605272
10	0.1908040698702502	0.1232773141409187	0.5675378813263663	0.1183807346624646
11	0.6117681322626433	0.1022394196084361	0.1471912111975419	0.1388012369313786
12	0.3986728005738274	0.2358633208576447	0.1973984604787527	0.1680654180897751
13	0.3359443286737599	0.1362134381997815	0.2226729500240356	0.3051692831024231
14	0.1821194986537714	0.1399082825805936	0.5239920795339105	0.1539801392317245
15	0.0850730672456458	0.1485855758652108	0.6841670689371118	0.0821742879520316
16	0.1318336296823529	0.1136250148414551	0.6791579618706006	0.0753833936055913
17	0.3277996645129944	0.0893951840062599	0.4482496349535147	0.134555516527231
18	0.3385019734326687	0.2828747824380569	0.1383565203223839	0.2402667238068907
19	0.1864419618680455	0.2440172384041059	0.2311879344006761	0.3383528653271726
20	0.1906686803788313	0.1201993077176899	0.4590927859623199	0.2300392259411591
