Pos	A	C	G	T
1	0.2392773926433135	0.2560691676445601	0.2327834022129407	0.2718700374991861
2	0.2359706069182033	0.184381530151217	0.2770385742113468	0.3026092887192329
3	0.2053458572816428	0.1556020654028618	0.5076572677036233	0.131394809611872
4	0.2244804887909715	0.1308737067068615	0.4244836009991032	0.2201622035030639
5	0.5395295738502168	0.1196373570742279	0.2043185657396268	0.1365145033359284
6	0.1178772254567296	0.1244754614235968	0.5907334708457602	0.1669138422739135
7	0.2499182765531369	0.5545244727403961	0.0817041508362704	0.1138530998701967
8	0.8485273961603089	0.0532023408997027	0.0553073012002969	0.0429629617396916
9	0.8577706780719654	0.0350617289975718	0.0608486074008253	0.0463189855296374
10	0.0822499564854944	0.3909447155143821	0.1072900249431327	0.4195153030569909
11	0.1674697939346399	0.4514352239189265	0.1039545084251734	0.27714047372126
12	0.2630720609513047	0.2992721986522615	0.1811348283326759	0.2565209120637579
13	0.382273105441375	0.0780051139693929	0.4936042789002988	0.0461175016889333
14	0.1145154667201644	0.264500138871796	0.4974768133677597	0.1235075810402799
15	0.2422876319283041	0.2320122485350566	0.2098206242578346	0.3158794952788047
16	0.4223012060252843	0.124897127678465	0.2972379341031015	0.1555637321931492
17	0.2375364940390604	0.2169726872743301	0.3155778889117486	0.229912929774861
18	0.3105015023041678	0.2066526031341613	0.1894202273400122	0.2934256672216585
19	0.2232080004225474	0.2175363565883804	0.3114732037319986	0.2477824392570735
20	0.3073566605625781	0.2502940599363875	0.1683729648592172	0.2739763146418172
