Pos	A	C	G	T
1	0.5372590056578498	0.1646770638798794	0.1900818481921435	0.1079820822701273
2	0.1116175928072024	0.2788702379696291	0.5031970551542488	0.1063151140689196
3	0.1000615439301363	0.0998276357248311	0.5779093228595665	0.222201497485466
4	0.4207753375019928	0.2340540077962893	0.1930199791440671	0.1521506755576507
5	0.1470228384778924	0.1406987320991662	0.6144656352093163	0.0978127942136251
6	0.0984445506962185	0.2382218568251565	0.1628452637855003	0.5004883286931247
7	0.3608837132109645	0.2713909536306252	0.2150404966070174	0.1526848365513931
8	0.138895381553549	0.3438071387363769	0.1700312650314681	0.347266214678606
9	0.1264768759247845	0.4167520857517921	0.1546718056524752	0.3020992326709482
10	0.1301474684624948	0.1964248936975862	0.2032818824681038	0.4701457553718151
11	0.5676210486390494	0.1794640338730849	0.1799469188551368	0.0729679986327289
12	0.0877772594390416	0.2700080326030021	0.5191016281885205	0.1231130797694358
13	0.0892522435100604	0.2133659073182468	0.6149984531847191	0.0823833959869739
14	0.1070127773200703	0.138903075621396	0.5960530585005682	0.158031088557965
15	0.4460044552224174	0.1783340848610995	0.1802789258385496	0.1953825340779335
16	0.4350488172679325	0.2930652607388749	0.1388211490661016	0.1330647729270911
17	0.2587347365344319	0.190049675925569	0.4347847096441619	0.1164308778958372
18	0.1233813838215065	0.5088903973459178	0.154988175573661	0.2127400432589148
19	0.135516811159001	0.3480338617909016	0.3807911704314489	0.1356581566186485
20	0.0924474707327874	0.4870002595364913	0.1646400008513896	0.2559122688793318
