Pos	A	C	G	T
1	0.2056354944268499	0.2789779975359644	0.2800333750820939	0.2353531329550922
2	0.2794075502819896	0.2648134329047364	0.2381560616489794	0.2176229551642946
3	0.3170367995659429	0.3176146766614766	0.1887926171590971	0.1765559066134833
4	0.4354037129330605	0.1972735765266949	0.2586901033084077	0.1086326072318368
5	0.0621050195365298	0.1630839539010782	0.7319786099523901	0.0428324166100017
6	0.0392843757555278	0.0490401539979259	0.8607930919770603	0.0508823782694861
7	0.131867577532603	0.1029137919705473	0.0906587205792142	0.6745599099176354
8	0.0512177063945264	0.805028992628077	0.0955546921531738	0.0481986088242227
9	0.0564405788396286	0.5696388670044488	0.2795849336829065	0.0943356204730162
10	0.0415556084163489	0.1313616226696654	0.2554317071443893	0.5716510617695963
11	0.1863662156119918	0.1594784810034328	0.4011295330937595	0.253025770290816
12	0.2478798064284309	0.1290952439701503	0.4127566974918987	0.2102682521095201
13	0.3089050328975108	0.2772082915097467	0.1070125074951006	0.306874168097642
14	0.3425994719257638	0.3126750628647183	0.1839077889065677	0.1608176763029501
15	0.0735574246264885	0.0727417309421241	0.8074152037830196	0.0462856406483678
16	0.244828144381977	0.2913556650712395	0.2590461356041243	0.2047700549426591
17	0.1520069760074085	0.1156547040127686	0.3212257433564012	0.4111125766234218
18	0.2808766113821567	0.2147393421056843	0.270401817999557	0.233982228512602
19	0.3742621621177185	0.1804397947777539	0.1868183677102686	0.2584796753942589
20	0.2913332882570487	0.260190135466124	0.2902335020339277	0.1582430742428996
