Pos	A	C	G	T
1	0.2206727441622097	0.2767374366035542	0.1902212516755496	0.3123685675586866
2	0.1985506919005295	0.1068682003700124	0.5442990528275291	0.150282054901929
3	0.3742613353753844	0.4551308091604643	0.1013332232710026	0.0692746321931485
4	0.2148261494195679	0.4868693503003713	0.1277229088410133	0.1705815914390476
5	0.2358253453476656	0.3486842255743116	0.1553220081732907	0.260168420904732
6	0.5613919374854446	0.1143173856491555	0.1387758200193145	0.1855148568460855
7	0.1785110531860569	0.5988609056881685	0.0292266664131246	0.1934013747126501
8	0.0449925985743515	0.056305028514837	0.8592520551378714	0.0394503177729402
9	0.0618237109445228	0.5415502224323457	0.0942461884534739	0.3023798781696576
10	0.3762854324991597	0.0528386623169231	0.4279320388950822	0.1429438662888348
11	0.62009307085222	0.1764626768161459	0.1118083097652198	0.0916359425664142
12	0.0608526218989897	0.0987956012019911	0.0985916308804697	0.7417601460185494
13	0.6411574189102391	0.0846345767993294	0.0773946620082711	0.1968133422821603
14	0.2967716512913348	0.2572041180784828	0.1959279911311941	0.2500962394989883
15	0.1267588228682497	0.2775766101452978	0.437491095392428	0.1581734715940242
16	0.3473935483852877	0.1250073847288393	0.327186793830402	0.2004122730554709
17	0.0799579233216869	0.4660989072094918	0.2307086931647455	0.2232344763040759
18	0.5162789405781643	0.2938311384415602	0.119146170710289	0.0707437502699863
19	0.2545450846740232	0.352032801922375	0.1945113468133748	0.198910766590227
20	0.0822073241344336	0.0979545217050628	0.720097116613976	0.0997410375465277
