Pos	A	C	G	T
1	0.26315586476345	0.3609557259970388	0.219843595466856	0.1560448137726552
2	0.1386332973661895	0.1685513342118197	0.1744199766494439	0.5183953917725469
3	0.1393276154797558	0.0569738049822496	0.5834930800430803	0.2202054994949144
4	0.4406590610601273	0.1748802725583963	0.2737567423220276	0.1107039240594489
5	0.2242455195131443	0.3064170448039752	0.0754046681994938	0.3939327674833867
6	0.0388481535215207	0.0410999547442418	0.8827783996492201	0.0372734920850174
7	0.3639415086045736	0.4425341609919072	0.074195201666931	0.1193291287365884
8	0.2216326973999125	0.0574200715607809	0.694717374741575	0.0262298562977316
9	0.0319680175775013	0.046746147210395	0.8731102327271858	0.0481756024849179
10	0.2994405852871808	0.1404978445160502	0.4458141556720183	0.1142474145247507
11	0.4418618145385854	0.2324253541023306	0.1263072290332492	0.1994056023258348
12	0.3614025955687628	0.1960253716422994	0.2042337306221643	0.2383383021667735
13	0.097001634905941	0.6059437668670921	0.1516030047895563	0.1454515934374108
14	0.1409875757683608	0.2449921669605874	0.3253176416423865	0.2887026156286652
15	0.3607645418552429	0.2298190070108133	0.2279547425245378	0.1814617086094061
16	0.2475783728048348	0.3577328013076949	0.23579836800422	0.1588904578832503
17	0.268771568066523	0.2102950508118031	0.1482761101597019	0.3726572709619723
18	0.4951021789972109	0.1412328241569071	0.2598081481735668	0.103856848672315
19	0.2866630598022464	0.263611067197663	0.2773440595637806	0.1723818134363099
20	0.2510815935182008	0.122262595408183	0.5124019368272589	0.1142538742463574
