Pos	A	C	G	T
1	0.2392310931288959	0.1780764468318443	0.335271614770709	0.2474208452685508
2	0.1889770664745584	0.2739501059595643	0.2660038659419616	0.2710689616239156
3	0.1486208544578335	0.1896027745232967	0.4316011292967633	0.2301752417221065
4	0.2100072801526853	0.4502980255704882	0.1481030515370511	0.1915916427397754
5	0.4833497802160532	0.1268885958946516	0.2535742599445308	0.1361873639447643
6	0.3727586418739481	0.179646133560643	0.2211184736263778	0.2264767509390309
7	0.1811339397470789	0.3221906070192672	0.1880686542202078	0.3086067990134462
8	0.1308815185329928	0.1467770212868136	0.6390670451235646	0.0832744150566291
9	0.0460389344474128	0.1257035516642191	0.7692281766055955	0.0590293372827724
10	0.0861197967961787	0.0680726733898103	0.784399415955992	0.0614081138580186
11	0.0428758135991734	0.279194149677766	0.0495075467987356	0.6284224899243251
12	0.6229551246291263	0.1281127624985457	0.1429897546280409	0.1059423582442872
13	0.060682291570401	0.086716371980024	0.7531423811202383	0.0994589553293365
14	0.1248909125375581	0.1752658159111708	0.5591774928116096	0.1406657787396617
15	0.4098952916237718	0.2570475065881801	0.1663068387901568	0.1667503629978915
16	0.1822729140126326	0.438492560648683	0.1528972121323729	0.2263373132063114
17	0.3635275320161072	0.1862079945306093	0.3334371857026556	0.116827287750628
18	0.1518746074662272	0.2400699930104488	0.4499649597462426	0.1580904397770813
19	0.2016717416515398	0.4316863112319827	0.1615370182491225	0.205104928867355
20	0.3997834399540579	0.2096763991128185	0.2229205744416462	0.1676195864914774
