Pos	A	C	G	T
1	0.4003945290966778	0.0906507870570622	0.4207270928729914	0.0882275909732685
2	0.1615911695278198	0.2330630596595016	0.1444542843358916	0.460891486476787
3	0.2600900586128192	0.2117836174300847	0.3099080546860939	0.218218269271002
4	0.2991000565632124	0.2248421823770661	0.2243064994955852	0.2517512615641364
5	0.062050952610645	0.1820181567424028	0.5990131429626031	0.156917747684349
6	0.5839548342645169	0.1813421113544406	0.1786866502278293	0.0560164041532134
7	0.0703256323867035	0.2045291696031909	0.0496766533695302	0.6754685446405755
8	0.5062520658453595	0.2076977685499876	0.1100009450281899	0.1760492205764631
9	0.4129390180576772	0.2209331277295341	0.2354250242873209	0.130702829925468
10	0.544008589970815	0.0956271290952172	0.2145950068235603	0.1457692741104076
11	0.141900377876485	0.1975347269852433	0.2321526732490061	0.4284122218892655
12	0.2933376235585761	0.2360342338362271	0.2726054219083052	0.1980227206968916
13	0.1342617207765997	0.073117986337502	0.7548561312503522	0.037764161635546
14	0.0698653227977562	0.0909134401830098	0.7288987765671444	0.1103224604520897
15	0.2622070309044723	0.3568075696996402	0.1953390685603148	0.1856463308355727
16	0.5463656175194286	0.09994476012987	0.2720861311804935	0.0816034911702081
17	0.3725879994933795	0.1941097405803043	0.201723019495757	0.2315792404305592
18	0.2643904902973674	0.3480576354585006	0.1593845975640696	0.2281672766800625
19	0.1928040569318911	0.5003238417027556	0.2066610443203596	0.1002110570449937
20	0.135697993525882	0.2377325345666629	0.3605906618937905	0.2659788100136645
