Pos	A	C	G	T
1	0.1649779728416111	0.3195813215484005	0.1768463739838773	0.338594331626111
2	0.140989402489352	0.2664452169833663	0.3421336533017022	0.2504317272255795
3	0.3117217437346732	0.2193599618380617	0.2805325973116593	0.1883856971156057
4	0.2396060502682234	0.1009623149536923	0.4049612920287505	0.2544703427493338
5	0.0682013932788776	0.4157294058385538	0.4158790146261827	0.1001901862563859
6	0.1302935061500755	0.1858904456292355	0.3977986922897874	0.2860173559309015
7	0.1345699067824	0.1482642216403421	0.4225733134656889	0.2945925581115691
8	0.0624639837915023	0.1133472388739585	0.1078561689122147	0.7163326084223245
9	0.649650236647105	0.1000451235854091	0.1948128975027797	0.0554917422647063
10	0.0777918144499525	0.3286742965722934	0.072549324566445	0.5209845644113089
11	0.0436064701367789	0.0378634642255411	0.8879555525660048	0.0305745130716753
12	0.0745080553430592	0.5991021615583618	0.2406445514272996	0.0857452316712793
13	0.7299703679194762	0.0945427738716598	0.0924727509760436	0.0830141072328204
14	0.0674243060074321	0.0610609867951806	0.7377957017172136	0.1337190054801737
15	0.0691759010498267	0.5570337348066113	0.2049635177863671	0.1688268463571949
16	0.1776721036142099	0.1688214065271378	0.3958997379321945	0.2576067519264579
17	0.1308365681347475	0.1801312044388282	0.4809178503578031	0.2081143770686211
18	0.0904842144065626	0.4693762939347976	0.2992402807785027	0.1408992108801372
19	0.2402358822518546	0.2985383184509774	0.2653279834943598	0.1958978158028082
20	0.2029282250963772	0.2459421390730662	0.3657846460265798	0.1853449898039767
