Pos	A	C	G	T
1	0.2633736873434545	0.2847213960955727	0.3907168240252429	0.0611880925357299
2	0.1504300037672221	0.2985958003235318	0.1687077588984869	0.3822664370107591
3	0.2415597719132238	0.1515288658490609	0.3794821554842117	0.2274292067535036
4	0.341774557583144	0.2724716515091726	0.1966228378952169	0.1891309530124664
5	0.0366438379964697	0.3096090042250688	0.5316114744431581	0.1221356833353034
6	0.7725489812511303	0.0695265109725801	0.12020399753743	0.0377205102388595
7	0.0243362576512921	0.2073020094405596	0.0273753511194326	0.7409863817887158
8	0.6307983184801909	0.195804176514948	0.093657703572867	0.0797398014319941
9	0.4533585814695504	0.2793292925237601	0.188785452299181	0.0785266737075085
10	0.6074968218378937	0.1556609742736457	0.1770175931082699	0.0598246107801905
11	0.1013215621355548	0.3792829365048812	0.1554909367403006	0.3639045646192632
12	0.4361695923877367	0.0838396451092189	0.3260779659098416	0.1539127965932025
13	0.0475870304102415	0.6081665890785009	0.3161172774465548	0.0281291030647029
14	0.0253801300222467	0.1176249620851418	0.8300339050868815	0.02696100280573
15	0.3657505831559916	0.365221650828568	0.0880824904743507	0.1809452755410898
16	0.3005843724338142	0.1628914678231805	0.4964589151714458	0.0400652445715596
17	0.4837299656434622	0.3920782724858735	0.0705596594734539	0.0536321023972105
18	0.3109064866667576	0.2134303524548349	0.1527232299424868	0.3229399309359207
19	0.1643748462476066	0.6765168157346695	0.0861468554266967	0.0729614825910273
20	0.1411179883062282	0.2819504567114349	0.3844453987667508	0.1924861562155861
