Pos	A	C	G	T
1	0.2843158277913341	0.1702955486878219	0.3398064534629922	0.2055821700578519
2	0.512952197720614	0.1056732291349349	0.2475110822039258	0.1338634909405254
3	0.1402741103602141	0.2882103670474473	0.4925853984821186	0.0789301241102199
4	0.0234353707181963	0.0449236911699446	0.8996053069727796	0.0320356311390796
5	0.0319568011748572	0.152861942470761	0.0394713187257279	0.7757099376286539
6	0.0316832441929007	0.0263902800001201	0.9170586138152892	0.0248678619916905
7	0.0983639606575915	0.222103534896915	0.0388424833359561	0.6406900211095375
8	0.0454202652494392	0.1481430116519347	0.6567487732465439	0.1496879498520819
9	0.8259392482928151	0.0470510636301745	0.0855819040767789	0.0414277840002313
10	0.4763518318083284	0.1935206572742715	0.165240371537895	0.164887139379505
11	0.3538196324963045	0.1301961522828368	0.226412639921555	0.2895715752993036
12	0.2886848418447037	0.1213318600133103	0.2153996995844369	0.3745835985575491
13	0.1981929654495243	0.2124497794234558	0.2464379159133609	0.3429193392136589
14	0.1492309918750984	0.2156456338217784	0.2631639583350742	0.371959415968049
15	0.2269952089809787	0.3079915701821887	0.2946614669725433	0.1703517538642894
16	0.3019422947310265	0.1831057297451378	0.2795420568280119	0.2354099186958239
17	0.1233839756979065	0.4754298492916009	0.2272799460977048	0.1739062289127878
18	0.3829137626771297	0.1316741967920149	0.3512236293573396	0.1341884111735158
19	0.1640244138606558	0.4230194841654447	0.2379036596137089	0.1750524423601906
20	0.1575902320307087	0.2527961078558816	0.3907309002195754	0.1988827598938344
