Pos	A	C	G	T
1	0.1248536229375818	0.1413629283116511	0.6408816378203503	0.0929018109304165
2	0.1751859259342586	0.1993332275457166	0.3796940340923462	0.2457868124276786
3	0.1638948197458734	0.2091511145436555	0.233385390161467	0.3935686755490043
4	0.2446066267158299	0.4688035003184063	0.1323900255549123	0.1541998474108517
5	0.2515099045569456	0.1560837349815525	0.3041794636715845	0.2882268967899174
6	0.4515274696109524	0.107873945656276	0.3096522678328451	0.1309463168999263
7	0.3910433765772426	0.096515897822357	0.2233906888204039	0.2890500367799962
8	0.2531462669456722	0.2103054058285166	0.3084698562088826	0.2280784710169286
9	0.1298880480224271	0.3722702999152712	0.2137279184070619	0.2841137336552398
10	0.3299363808067638	0.2885056126371725	0.2452806118518583	0.1362773947042055
11	0.3893514584535535	0.0862464576137205	0.2868651434937303	0.2375369404389959
12	0.4507141241212672	0.0968981938954792	0.2630049219656357	0.1893827600176181
13	0.0478123726381399	0.1274434823621373	0.7912106798235792	0.0335334651761436
14	0.0776968931550102	0.0492569701960156	0.7908464824017859	0.0821996542471882
15	0.7625946347649128	0.1156212508106673	0.0647804973553654	0.0570036170690545
16	0.0312815131360382	0.1520637480010316	0.7701117100696825	0.0465430287932475
17	0.0425326155390771	0.0924224944657276	0.792983825542131	0.0720610644530639
18	0.3399165379524217	0.2138584894330145	0.130237216465392	0.3159877561491717
19	0.0735906708677089	0.2697537243499682	0.2483078445778042	0.4083477602045188
20	0.3989330106629984	0.1831042769429946	0.2689620719017292	0.1490006404922778
