Pos	A	C	G	T
1	0.2585763293310463	0.218696397941681	0.1998284734133791	0.3228987993138936
2	0.4326886613576033	0.2578687902919985	0.0925293894577171	0.2169131588926811
3	0.8173636111880366	0.0882027139296594	0.0882027139296594	0.0062309609526447
4	0.0026779276959522	0.6573282521371923	0.3190853846946132	0.0209084354722422
5	0.0813686026451984	0.0646923519263945	0.2213916043703278	0.6325474410580794
6	0.0985714285714286	0.2160714285714286	0.1553571428571429	0.53
7	0.1777504105090312	0.2216748768472906	0.1900656814449918	0.4105090311986864
8	0.2465397923875433	0.2115051903114187	0.2413494809688581	0.30060553633218
9	0.2191424859246427	0.2944997834560416	0.2343005630142919	0.2520571676050238
10	0.1927194860813705	0.3044967880085653	0.2873661670235546	0.2154175588865096
11	0.2126736111111111	0.2543402777777778	0.2769097222222222	0.2560763888888889
12	0.2373693379790941	0.2630662020905923	0.2591463414634146	0.240418118466899
