Pos	A	C	G	T
1	0.2927958571902261	0.1957929726255227	0.3729501029683225	0.1384610672159286
2	0.2510193602385423	0.1870382072140478	0.452516295024272	0.1094261375231379
3	0.2325528345009076	0.1820464258513587	0.4920096983982236	0.0933910412495101
4	0.0913712493821938	0.1544327056200312	0.6061677203181757	0.1480283246795994
5	0.2966283865466648	0.229954178253083	0.2801060242100775	0.1933114109901748
6	0.2424021033071323	0.3470200492910387	0.2728308098082506	0.1377470375935784
7	0.301072170569715	0.2328170756403401	0.2475295858178927	0.2185811679720522
8	0.2852041313336026	0.1648187755237863	0.3983289888726267	0.1516481042699843
9	0.3032566824125627	0.1595848018207051	0.3308193135768448	0.2063392021898874
10	0.4406565320603414	0.2178499891696836	0.1129765345020304	0.2285169442679446
11	0.187728548645012	0.2228864980560344	0.4073530942781217	0.182031859020832
12	0.1199892682732005	0.1075210170202069	0.434587917197608	0.3379017975089846
13	0.516899279486497	0.1474536878119508	0.2110531322379949	0.124593900463557
14	0.0868310047543136	0.2642752640342085	0.5499499129818637	0.0989438182296142
15	0.0799237570582367	0.2249034630829882	0.56887554175187	0.1262972381069048
16	0.1191747510432499	0.0809811127127106	0.6681325208955037	0.131711615348536
17	0.4727176372889492	0.2394796691852598	0.16933122208923	0.118471471436561
18	0.1389549153686445	0.2507397067997322	0.5102462725601692	0.100059105271454
19	0.096802539017835	0.1894326054525858	0.6005594202410914	0.1132054352884879
20	0.213451656490378	0.1091588701355392	0.5504186234247925	0.1269708499492903
