Pos	A	C	G	T
1	0.2802373117509819	0.2496058195957969	0.213731595016966	0.2564252736362552
2	0.2029846327735539	0.1162649996536172	0.4716673096551836	0.2090830579176458
3	0.1744388493860769	0.5427851925872621	0.1286081415253115	0.1541678165013496
4	0.2476410860785324	0.3734116167739707	0.2663525366255693	0.1125947605219276
5	0.1496204416260871	0.1145455738278938	0.581525932450916	0.1543080520951031
6	0.1785200719820344	0.2082389291103679	0.5255749982588587	0.0876660006487392
7	0.0402688856796194	0.469512651431461	0.1032043712328891	0.3870140916560306
8	0.3093295350437367	0.1573395305929429	0.3745436379524948	0.1587872964108255
9	0.3963053406333314	0.1665176259051583	0.2061929278178244	0.2309841056436858
10	0.2736687958519767	0.1082941421417898	0.1787898465439174	0.4392472154623158
11	0.0695748977435118	0.4361520701385637	0.3805304825120829	0.1137425496058416
12	0.7343646200049129	0.11353626996142	0.0709807384165931	0.0811183716170739
13	0.5924160123718935	0.153279766350178	0.1227746613711361	0.1315295599067925
14	0.0522135861627351	0.1220693861133795	0.78135086675892	0.0443661609649655
15	0.0496939952844555	0.1741553531201284	0.6588848440713375	0.1172658075240783
16	0.1503065050831389	0.046180211909839	0.7383096466432725	0.0652036363637497
17	0.0417471985956798	0.3220072457152611	0.0464358383474853	0.5898097173415737
18	0.1648537388517108	0.1089261174422194	0.6419968865500053	0.0842232571560646
19	0.4188907584964299	0.3602699077861178	0.1001103018887635	0.120729031828689
20	0.2701156770288012	0.2704312664208372	0.1483358781879132	0.3111171783624484
