Pos	A	C	G	T
1	0.1903049338508056	0.2647827105155862	0.2497297718514737	0.2951825837821346
2	0.2069743321843073	0.3642505421801003	0.2056804168764503	0.2230947087591421
3	0.1975360431987041	0.3436510669078148	0.2241713594675912	0.2346415304258898
4	0.1982462725509386	0.2252494586337979	0.364335363709429	0.2121689051058345
5	0.1579092502822308	0.4878797343592653	0.1565365711692404	0.1976744441892635
6	0.21944519120558	0.2041794586554225	0.29291660779848	0.2834587423405175
7	0.1755141810075155	0.2371587731680277	0.4165148572268433	0.1708121885976134
8	0.0556875933177498	0.0929937662063841	0.798552141247702	0.052766499228164
9	0.0456358929428793	0.0272390272697876	0.8842342998284116	0.0428907799589215
10	0.0611645623807523	0.162055095950119	0.0607152383849539	0.7160651032841746
11	0.0561362033330854	0.871967615375314	0.0389642206209002	0.0329319606707003
12	0.1182441324324312	0.5152075244321139	0.1869388113425615	0.1796095317928933
13	0.1235763396208847	0.1404490972918178	0.1175242356079924	0.6184503274793051
14	0.590800709511305	0.1102523163726565	0.1525993047708065	0.1463476693452317
15	0.3857894593578398	0.1475687443816448	0.3520965355456789	0.1145452607148365
16	0.3495913227422388	0.2919264194776185	0.1264315872864536	0.2320506704936891
17	0.2133355514788751	0.1310877523869201	0.5295642137762026	0.1260124823580023
18	0.200654127509539	0.3514139665083635	0.2480510484085264	0.1998808575735712
19	0.1871147567430018	0.3583224124901025	0.2942304381438517	0.160332392623044
20	0.2062619520662619	0.2864867984819522	0.328965910909731	0.1782853385420549
