Pos	A	C	G	T
1	0.2374748855417876	0.2649216273792494	0.2194972027315978	0.2781062843473652
2	0.2145379454168122	0.1378451441569465	0.3985963902698676	0.2490205201563737
3	0.1447214608611194	0.3342866480409086	0.2338410647914753	0.2871508263064967
4	0.1699777437701439	0.0811757958809488	0.6772890946935376	0.0715573656553699
5	0.0501183975934756	0.6656828362163881	0.0488864770044934	0.2353122891856429
6	0.2398465795719801	0.0668157304399833	0.625552823892813	0.0677848660952234
7	0.5018911555129156	0.1070839991969141	0.1017690124521124	0.2892558328380579
8	0.3903843427047718	0.2387109922539629	0.2146344284777601	0.1562702365635054
9	0.0704119719074912	0.2526948401365041	0.5032979399274972	0.1735952480285076
10	0.0973110014851752	0.0835923027168836	0.7273824924856078	0.0917142033123335
11	0.1007959154451402	0.2200708557310958	0.1337702284046255	0.5453630004191382
12	0.0928207470724702	0.5905388272433414	0.2248760211031567	0.0917644045810317
13	0.0599084231629155	0.35916316739884	0.4791771632459414	0.1017512461923032
14	0.0981610220040016	0.2739685639097585	0.22497143871219	0.4028989753740498
15	0.130376909475761	0.1614860508612526	0.5667875161767817	0.1413495234862048
16	0.1257027741560891	0.1908796062866128	0.3235731583375662	0.3598444612197321
17	0.0853061709591359	0.1549186992814349	0.4716383009634853	0.2881368287959437
18	0.0893910521849204	0.1271975678986843	0.6136005758991715	0.1698108040172238
19	0.0942608622827306	0.3047389856773877	0.3486995685847291	0.2523005834551526
20	0.3214069788794099	0.2260532089713455	0.2168189541341358	0.2357208580151089
