Pos	A	C	G	T
1	0.146678488411433	0.4558111663008934	0.1045940979415914	0.2929162473460821
2	0.3017937843786893	0.1893020976693635	0.3996757879081146	0.1092283300438326
3	0.3664316110957084	0.3246882873801598	0.0608269566874	0.2480531448367317
4	0.3987216886254622	0.418761381263194	0.0790700260000913	0.1034469041112526
5	0.4135979032827138	0.2441997829076426	0.0661714118094684	0.2760309020001752
6	0.1516454741234906	0.0360484821099919	0.772375986981391	0.0399300567851265
7	0.8186521555741744	0.0695673108931992	0.0449257606424897	0.0668547728901368
8	0.175419856430349	0.4608611563073183	0.3199418145395591	0.0437771727227733
9	0.4861679520874437	0.0167757339657938	0.4599440466394927	0.0371122673072698
10	0.3909269267166142	0.0894145554568314	0.079889273247438	0.4397692445791165
11	0.1731359729091103	0.2033327114828598	0.4052637162154186	0.2182675993926111
12	0.1583221297126	0.0529509364353404	0.7404468726622994	0.0482800611897603
13	0.860273381943487	0.0453363600398742	0.044743844930625	0.0496464130860136
14	0.2525987238408505	0.2723803028597077	0.4174927661989165	0.0575282071005253
15	0.3005020246879627	0.2464271467502243	0.0943908141649309	0.3586800143968823
16	0.081399220388634	0.1458718181732936	0.2029615793317377	0.5697673821063347
17	0.156270758906485	0.5645406269088159	0.217381894919069	0.0618067192656301
18	0.40697138656467	0.1730721532901587	0.1700443385045465	0.2499121216406248
19	0.3061433789694001	0.2354259038408963	0.2189462655464865	0.239484451643217
20	0.2509751444945683	0.2240582679221959	0.2485292890803202	0.2764372985029157
