Pos	A	C	G	T
1	0.2467055506666594	0.2332300776378013	0.3446366390275058	0.1754277326680335
2	0.2817690367636106	0.124911567267303	0.4644841372587656	0.1288352587103209
3	0.6182568779890987	0.0853595721681609	0.1945188745812669	0.1018646752614737
4	0.2992491722266285	0.1359654282219232	0.3194533068416666	0.2453320927097817
5	0.6543214371155072	0.0537623351766496	0.2244364218273949	0.0674798058804483
6	0.1612788574931229	0.4614659225462826	0.1800298403692003	0.1972253795913943
7	0.1728257530587711	0.2568901347109955	0.2866390684740869	0.2836450437561465
8	0.2273734533758646	0.1115153045748028	0.3466520037036114	0.3144592383457211
9	0.2524426623892558	0.4316439341601319	0.0661621051184801	0.2497512983321322
10	0.2544975729388238	0.4741678226517791	0.119020839644758	0.1523137647646391
11	0.1429029410885441	0.4281037064617425	0.0643838264881309	0.3646095259615825
12	0.1287033789542459	0.118838782690218	0.2952191477166508	0.4572386906388854
13	0.2723263474663442	0.5308442950634485	0.090660819686457	0.1061685377837503
14	0.1399923444442895	0.0416548966393913	0.7749868020902041	0.0433659568261151
15	0.7797407040317482	0.0776992491358005	0.0633499591062116	0.0792100877262397
16	0.1292757944670958	0.385952816441822	0.2854972042569147	0.1992741848341677
17	0.1672508079415272	0.0408643515046504	0.7307505375127842	0.0611343030410382
18	0.1882734807377332	0.368372183316897	0.2593715040442005	0.1839828319011693
19	0.2512370166450317	0.387686465779514	0.1773772109771553	0.1836993065982991
20	0.2645236768206698	0.2865491312523469	0.2686889354378255	0.1802382564891578
