Pos	A	C	G	T
1	0.1829751805442971	0.2833205023369704	0.2254730582923139	0.3082312588264186
2	0.1551466695051874	0.206688547556011	0.391302748595193	0.2468620343436086
3	0.2268959406641742	0.1375177392317434	0.355277278080441	0.2803090420236414
4	0.2714779366446647	0.2402512066139078	0.2699556556002085	0.2183152011412189
5	0.233363844145489	0.1427837108105518	0.4845260580288789	0.1393263870150803
6	0.0916252617856876	0.43289830580335	0.1538369765946291	0.3216394558163332
7	0.0636941647957699	0.1536421417623984	0.6599308485987585	0.1227328448430731
8	0.2338585576820686	0.5932537850436854	0.0856651288560412	0.087222528418205
9	0.6938818317714736	0.083206167075186	0.1311779595479284	0.0917340416054119
10	0.5426631341780024	0.158815099942479	0.2193743255323798	0.0791474403471387
11	0.0485485768920743	0.0587088739093867	0.8674420956039455	0.0253004535945936
12	0.068373764917729	0.3707525732126871	0.1164034009498923	0.4444702609196916
13	0.1056047799037566	0.0579534137831475	0.7670398907387362	0.0694019155743601
14	0.0687896747164184	0.752826407856691	0.0570285752446386	0.1213553421822521
15	0.4921755237184151	0.1192211862148761	0.2532740339161058	0.1353292561506028
16	0.0816589588572201	0.6265379089362674	0.1081193667056145	0.1836837655008981
17	0.5982567710883882	0.0923465203074965	0.1805609460045863	0.128835762599529
18	0.6900463623785916	0.0782214683332218	0.1239178397807291	0.1078143295074574
19	0.5040009488708189	0.1250335255322855	0.1472726530575904	0.2236928725393052
20	0.0750791037855724	0.2131080350333827	0.4685378959736141	0.2432749652074304
