Pos	A	C	G	T
1	0.4781966578052267	0.169178193574788	0.2499191502853245	0.1027059983346608
2	0.2876984827318854	0.2303513363615584	0.1352019295963709	0.3467482513101853
3	0.1574126700984445	0.4449040909854191	0.1301652348745723	0.2675180040415641
4	0.3943955984412986	0.2546529743693429	0.2284199494344959	0.1225314777548626
5	0.630684497074118	0.0944800672737638	0.154130388243227	0.1207050474088914
6	0.6962402252823746	0.0975954674730267	0.0991898367360705	0.1069744705085282
7	0.5552770748678276	0.1534966719107676	0.1714603209784898	0.119765932242915
8	0.0689265031964926	0.7705366241021181	0.083020537872136	0.0775163348292533
9	0.3229225930039334	0.1790718019561021	0.2922303519760703	0.2057752530638942
10	0.2171997294109521	0.0900375435628859	0.5922960409489951	0.100466686077167
11	0.0858166283528069	0.3754094348212841	0.107374712155819	0.4313992246700901
12	0.3956935111845007	0.0953787971276252	0.4132334531479258	0.0956942385399484
13	0.1324309240254644	0.342685846738065	0.1145003638790866	0.4103828653573838
14	0.1330511806075715	0.1386533475473975	0.6547346863057213	0.0735607855393096
15	0.1947978816456146	0.1555612684552309	0.4923801182701971	0.1572607316289573
16	0.0991787432606634	0.4373118811529127	0.0994666052413983	0.3640427703450256
17	0.3500208280118491	0.2405330837417217	0.2310847005952976	0.1783613876511315
18	0.1748822154731881	0.2774878972560513	0.251635426416939	0.2959944608538215
19	0.164939667698234	0.2544780040382503	0.2878040739462798	0.2927782543172359
20	0.2916808543255494	0.1704004568039335	0.3389619575717234	0.1989567312987935
