Pos	A	C	G	T
1	0.1892673814279646	0.204158565377954	0.4299955296500491	0.1765785235440323
2	0.2067537336076495	0.3203356192991924	0.2402671647758917	0.2326434823172664
3	0.196592196614968	0.3805235399650386	0.1892791392209834	0.2336051241990099
4	0.3505694757225947	0.1964341295348897	0.2336418869278792	0.2193545078146366
5	0.2398667581352787	0.2566106977046441	0.2250867255405205	0.2784358186195569
6	0.2687140265156525	0.1076175911684671	0.1795382573696796	0.4441301249462006
7	0.2781196502292379	0.2350124452268456	0.1597191423041564	0.32714876223976
8	0.1014976274246474	0.5477157984068071	0.1033152332206815	0.247471340947864
9	0.0436938108064555	0.2587675601574188	0.4339613706928334	0.2635772583432924
10	0.2507435980261049	0.2849910444834231	0.3588660096354331	0.1053993478550388
11	0.3255987459652553	0.0911311517242707	0.5469944354415547	0.036275666868919
12	0.2485630108298097	0.317431888259336	0.141411527156774	0.2925935737540801
13	0.445808446149591	0.1199776080701694	0.0842691486551117	0.3499447971251279
14	0.1861047109391102	0.2660864808316982	0.1621298092515119	0.3856789989776797
15	0.0970208947802732	0.1254360975146576	0.123178732261052	0.6543642754440172
16	0.0261508505900408	0.0439048792301035	0.906359395060708	0.023584875119148
17	0.1506401816219083	0.1545572091242284	0.6251060844986215	0.0696965247552417
18	0.0377640458226618	0.90797587671947	0.0254060318702198	0.0288540455876484
19	0.0353469723217127	0.6648972108349323	0.0736703158810443	0.2260855009623108
20	0.4280391250906	0.0716702287203663	0.4338833861728448	0.0664072600161888
