Pos	A	C	G	T
1	0.07692307692307693	0.0	0.9130434782608695	0.010033444816053512
2	0.03678929765886288	0.006688963210702341	0.9264214046822743	0.030100334448160536
3	0.016722408026755852	0.9632107023411371	0.010033444816053512	0.010033444816053512
4	0.046822742474916385	0.9464882943143813	0.0	0.006688963210702341
5	0.0	0.09364548494983277	0.013377926421404682	0.8929765886287625
6	0.006688963210702341	0.013377926421404682	0.016722408026755852	0.9632107023411371
7	0.0033444816053511705	0.0033444816053511705	0.9933110367892977	0.0
8	0.9665551839464883	0.010033444816053512	0.023411371237458192	0.0
9	0.903010033444816	0.0	0.0903010033444816	0.006688963210702341
10	0.0033444816053511705	0.06688963210702341	0.21739130434782608	0.7123745819397993
11	0.020066889632107024	0.013377926421404682	0.9665551839464883	0.0
12	0.11371237458193979	0.6722408026755853	0.10367892976588629	0.11036789297658862
13	0.023411371237458192	0.8729096989966555	0.0033444816053511705	0.10033444816053512
14	0.7558528428093646	0.006688963210702341	0.19063545150501673	0.046822742474916385
15	0.24749163879598662	0.23745819397993312	0.3511705685618729	0.16387959866220736
16	0.31438127090301005	0.08361204013377926	0.5317725752508361	0.07023411371237458
17	0.1939799331103679	0.391304347826087	0.2040133779264214	0.21070234113712374
18	0.14046822742474915	0.3511705685618729	0.046822742474916385	0.46153846153846156
19	0.43478260869565216	0.2909698996655518	0.18729096989966554	0.08695652173913043
20	0.8528428093645485	0.010033444816053512	0.11371237458193979	0.023411371237458192
21	0.2709030100334448	0.07023411371237458	0.6020066889632107	0.056856187290969896
