Pos	A	C	G	T
1	0.1530832309882604	0.1635424193943254	0.5351525565236195	0.1482217930937948
2	0.1174110422717274	0.0480109915860747	0.7083124986108363	0.1262654675313617
3	0.0721737080955069	0.1036283698858705	0.4170297017340737	0.407168220284549
4	0.4757512381961553	0.2232047953327194	0.2354219531939639	0.0656220132771612
5	0.0645329747568562	0.6623608336373873	0.0819216868304939	0.1911845047752626
6	0.1130464541765685	0.0706938510052287	0.2148471043121407	0.6014125905060618
7	0.3019406296648044	0.3960298753226523	0.1934042218331133	0.10862527317943
8	0.1608628646536496	0.0316957670029579	0.7502130153247087	0.0572283530186839
9	0.552842226508304	0.1535318172854904	0.0943376304711034	0.1992883257351023
10	0.0396694213454414	0.0451024187566103	0.8565609106932736	0.0586672492046746
11	0.5916909208603559	0.2019216408491933	0.1634767027609456	0.0429107355295051
12	0.0923510816040939	0.0420719803464813	0.7253466435842244	0.1402302944652004
13	0.2281652816793979	0.4465021077236608	0.1202088740528749	0.2051237365440665
14	0.3159824034949313	0.2081013242859502	0.2432350914490811	0.2326811807700373
15	0.2679942717889621	0.2067216162353555	0.2504874682735476	0.2747966437021348
16	0.2809447975203405	0.18561542693	0.2959495432650501	0.2374902322846095
17	0.2119063693258431	0.1755466208735215	0.2341995558696944	0.3783474539309411
18	0.1925029377802621	0.2096146717449682	0.2920845386671349	0.3057978518076348
19	0.2307039509134758	0.2451095623897918	0.3667591370152415	0.157427349681491
20	0.1519988448775238	0.1474986730694057	0.5392874286071054	0.1612150534459651
