Pos	A	C	G	T
1	0.2700254470166728	0.3340809730697525	0.1464106874681325	0.2494828924454423
2	0.2537604710904495	0.1620996251028062	0.4738691997036803	0.1102707041030641
3	0.0985789529195267	0.1959312581599523	0.2615761766945389	0.4439136122259822
4	0.4213558242183744	0.2747397229556008	0.1574626471976951	0.1464418056283296
5	0.5580322712828933	0.1288802198275512	0.1780654033358333	0.1350221055537223
6	0.4769394364439409	0.2588850039086165	0.1534141087929496	0.110761450854493
7	0.0383126535162224	0.611833117263759	0.1839409706526358	0.1659132585673828
8	0.3018274952679876	0.0863332677626	0.5710905375937315	0.0407486993756808
9	0.0664894702713063	0.2228707878555889	0.5448882992344046	0.1657514426387001
10	0.6927333500619799	0.0772857474524258	0.1172384078590946	0.1127424946264997
11	0.2507485218350816	0.2073527612313764	0.0986905266120162	0.443208190321526
12	0.0902615912816028	0.1483136689675607	0.648389128036473	0.1130356117143635
13	0.4195561925881178	0.2970324973948147	0.1120726108921742	0.1713386991248934
14	0.4816966378748663	0.0628846348159428	0.3557464327344499	0.0996722945747406
15	0.036176850164001	0.5952604224202078	0.0739763697802258	0.2945863576355655
16	0.5254223174589515	0.2172399433613443	0.0952064774727246	0.1621312617069797
17	0.4732759350463123	0.1411452872048375	0.3451557713170883	0.0404230064317618
18	0.0815287188268511	0.0923161985702423	0.0827506458303619	0.7434044367725448
19	0.1422548453829766	0.4191726495019699	0.0899998450838404	0.3485726600312132
20	0.2791535285015027	0.283316095352286	0.2689566344256139	0.1685737417205974
