Pos	A	C	G	T
1	0.2739748299031631	0.265174239337032	0.2974895948406829	0.1633613359191219
2	0.2213925971868203	0.457766661949127	0.1669980411802396	0.153842699683813
3	0.2603562163558282	0.3983054398274096	0.1800098311006589	0.1613285127161033
4	0.1154184786504528	0.270340753109314	0.4891506093528519	0.1250901588873811
5	0.1473485095534321	0.3562061617067837	0.2232003778337399	0.2732449509060443
6	0.3385305110170294	0.1985273191559239	0.277235831379882	0.1857063384471647
7	0.4606235740131979	0.1694894268472443	0.2816622206858065	0.0882247784537512
8	0.2581755939644628	0.4402128996338487	0.0968469017185221	0.2047646046831667
9	0.0632661022408862	0.7095002988247351	0.1352695906707058	0.0919640082636728
10	0.3537188535686299	0.1633220861977336	0.28077080067233	0.2021882595613064
11	0.197216577552166	0.0531955846947214	0.6970210048990187	0.0525668328540937
12	0.7097177515492784	0.0646258279981083	0.1049845607011877	0.1206718597514256
13	0.4525912266264535	0.2621696547129041	0.1413307014489987	0.1439084172116435
14	0.1906020597713638	0.0295038625799455	0.7456930411939093	0.0342010364547813
15	0.7868070195152345	0.0543044168378939	0.0933300229505784	0.0655585406962931
16	0.2765953814759883	0.4308341409880819	0.1659767109502212	0.1265937665857084
17	0.2242264723572104	0.0399442607121908	0.674099900210096	0.0617293667205028
18	0.6682132482992076	0.0929314044850462	0.1183534841958815	0.1205018630198647
19	0.2106337531677395	0.2023028335514303	0.4048285378708127	0.1822348754100176
20	0.1546409435756518	0.2922885044415564	0.2138398730095842	0.3392306789732075
