Pos	A	C	G	T
1	0.2424863387978142	0.2745901639344263	0.2281420765027322	0.2547814207650273
2	0.2511690046760187	0.3373413493653974	0.1837007348029392	0.2277889111556446
3	0.4443753884400249	0.1522684897451833	0.2417650714729646	0.1615910503418272
4	0.4558027660853878	0.1882140709561034	0.1094407696933253	0.2465423932651834
5	0.3344526527871055	0.2310275352585628	0.2411014103425118	0.19341840161182
6	0.9239699149771092	0.0143884892086331	0.0284499672988882	0.0331916285153695
7	0.0110705749150837	0.02327336771921	0.0181154862246823	0.947540571141024
8	0.0076580448542627	0.0063296085019927	0.9720246932874892	0.0139876533562554
9	0.0252100840336134	0.03125	0.8117121848739496	0.131827731092437
10	0.1983584131326949	0.617875056999544	0.04468764249886	0.1390788873689011
11	0.1099508599508599	0.2635135135135135	0.4170761670761671	0.2094594594594595
12	0.1977363515312916	0.203728362183755	0.3528628495339547	0.2456724367509987
