Pos	A	C	G	T
1	0.1429247515381	0.49077141504969	0.15522953147184	0.21107430194037
2	0.40941597139452	0.19249106078665	0.25923718712753	0.1388557806913
3	0.5508607198748	0.066249347939489	0.27699530516432	0.10589462702139
4	0.021103896103896	0.89231601731602	0.005952380952381	0.080627705627706
5	0.54207516339869	0.14746732026144	0.20751633986928	0.10294117647059
6	0.24135876042908	0.26400476758045	0.1942789034565	0.30035756853397
7	0.33673469387755	0.075396825396825	0.40532879818594	0.18253968253968
8	0.52200220022002	0.047304730473047	0.37568756875688	0.055005500550055
9	0.004390779363337	0.88968166849616	0.012623490669594	0.093304061470911
10	0.46662958843159	0.058398220244716	0.44549499443826	0.029477196885428
11	0.025301897642323	0.016101207590569	0.953421506613	0.0051753881541116
12	0.26012549914432	0.057045065601825	0.45236737022248	0.23046206503137
13	0.76930843008582	0.081776880363453	0.13023725391217	0.018677435638566
14	0.018200728029121	0.83775351014041	0.0010400416016641	0.14300572022881
15	0.66010733452594	0.0	0.33989266547406	0.0
16	0.88030467899891	0.048966267682263	0.012513601741023	0.058215451577802
17	0.93086003372681	0.0050590219224283	0.021360314783586	0.042720629567173
18	0.91277777777778	0.0	0.077777777777778	0.0094444444444444
19	0.86734150239744	0.030900372935535	0.036228023441662	0.06553010122536
20	0.33009394233884	0.21768707482993	0.14220926465824	0.31000971817298
