Pos	A	C	G	T
1	0.1751709	0.27856445	0.53564453	0.01071167
2	0.01913452	0.0001	0.98095703	0.0001
3	1.0	0.0001	0.0001	0.0001
4	0.36889648	0.00306129	0.62646484	0.00153065
5	0.11322021	0.25024414	0.0206604	0.61572266
6	0.00382614	0.0001	0.30151367	0.69482422
7	0.37255859	0.3359375	0.28930664	0.00229454
8	0.08953857	0.0001	0.91064453	0.0001
9	1.0	0.0001	0.0001	0.0001
10	0.80859375	0.04055786	0.1262207	0.02449036
11	0.99707031	0.0001	0.00306129	0.0001
12	0.47900391	0.19055176	0.13391113	0.19665527
13	0.04898071	0.32910156	0.02294922	0.59912109
14	0.39331055	0.17297363	0.16674805	0.26708984
15	0.14379883	0.32128906	0.27246094	0.26245117
16	0.38183594	0.31445312	0.11096191	0.19274902
17	0.17443848	0.35888672	0.15759277	0.30908203
18	0.07727051	0.41162109	0.26635742	0.24487305
19	0.20959473	0.02601624	0.71826172	0.04589844
20	0.31054688	0.08874512	0.31518555	0.28540039
21	0.41235352	0.14160156	0.26635742	0.17980957
22	0.12469482	0.27856445	0.33740234	0.25927734
23	0.21118164	0.01989746	0.73828125	0.03060913
24	0.61669922	0.07574463	0.13391113	0.17370605
25	0.15527344	0.34204102	0.28076172	0.22192383
26	0.2364502	0.17602539	0.32128906	0.26635742
