Pos	A	C	G	T
1	0.04024144869215292	0.012072434607645876	0.9436619718309859	0.004024144869215292
2	0.044265593561368215	0.05030181086519115	0.07042253521126761	0.8350100603621731
3	0.3058350100603622	0.0221327967806841	0.6579476861167002	0.01408450704225352
4	0.10663983903420524	0.710261569416499	0.08651911468812877	0.09657947686116701
5	0.056338028169014086	0.8551307847082495	0.02816901408450704	0.060362173038229376
6	0.8450704225352113	0.020120724346076455	0.052313883299798795	0.08249496981891348
7	0.05835010060362173	0.24547283702213277	0.5814889336016097	0.11468812877263582
8	0.026156941649899398	0.3722334004024145	0.46680080482897385	0.1348088531187123
9	0.10261569416498993	0.6559356136820925	0.10261569416498993	0.13883299798792756
10	0.35814889336016104	0.08450704225352114	0.2414486921529175	0.3158953722334005
11	0.026156941649899394	0.11871227364185111	0.8490945674044266	0.006036217303822939
12	0.17303822937625757	0.15090543259557346	0.16901408450704228	0.5070422535211268
13	0.13279678068410464	0.05432595573440644	0.7887323943661972	0.02414486921529175
14	0.5110663983903421	0.41851106639839036	0.044265593561368215	0.026156941649899398
15	0.02816901408450704	0.6941649899396378	0.05432595573440644	0.22334004024144866
16	0.5432595573440644	0.03621730382293763	0.31388329979879276	0.10663983903420522
17	0.032193158953722344	0.030181086519114688	0.4507042253521127	0.4869215291750503
18	0.03219315895372234	0.5653923541247485	0.3319919517102615	0.07042253521126761
19	0.193158953722334	0.44064386317907445	0.10060362173038231	0.26559356136820933
20	0.27364185110663986	0.5955734406438632	0.06036217303822937	0.07042253521126761
21	0.0744466800804829	0.613682092555332	0.13480885311871227	0.17706237424547283
