Pos	A	C	G	T
1	0.273	0.215	0.266	0.246
2	0.223	0.153	0.489	0.135
3	0.127	0.152	0.644	0.077
4	0.202	0.175	0.422	0.201
5	0.153	0.187	0.378	0.282
6	0.146	0.296	0.358	0.199
7	0.203	0.29	0.279	0.227
8	0.26	0.348	0.215	0.177
9	0.345	0.311	0.191	0.153
10	0.354	0.182	0.319	0.146
11	0.174	0.105	0.587	0.134
12	0.139	0.082	0.689	0.09
13	0.241	0.204	0.322	0.232
14	0.187	0.232	0.28	0.301
15	0.176	0.419	0.161	0.245
16	0.189	0.122	0.473	0.216
17	0.372	0.23	0.284	0.114
18	0.592	0.152	0.219	0.037
19	0.205	0.39	0.099	0.305
20	0.001	0.001	0.997	0.001
21	0.001	0.001	0.997	0.001
22	0.463	0.048	0.044	0.444
23	0.096	0.006	0.808	0.09
24	0.532	0.169	0.265	0.034
25	0.19	0.066	0.198	0.546
26	0.087	0.599	0.075	0.239
27	0.508	0.171	0.262	0.059
28	0.328	0.012	0.564	0.096
29	0.001	0.001	0.993	0.005
