Pos	A	C	G	T
1	0.2044581091468101	0.3351268255188317	0.2405841660261338	0.2198308993082244
2	0.1783004552352049	0.3550834597875569	0.2298937784522003	0.2367223065250379
3	0.0901525658807212	0.2794729542302358	0.2510402219140083	0.3793342579750347
4	0.6152183311716386	0.0332900994379594	0.0605274535235625	0.2909641158668396
5	0.7421555252387448	0.0248976807639836	0.1944065484311051	0.0385402455661664
6	0.0271160178190974	0.924656207631222	0.0263412744528375	0.0218865000968429
7	0.029351184346035	0.864572605561277	0.085221421215242	0.0208547888774459
8	0.0242533123736807	0.897821693240512	0.0568156299124186	0.0211093644733887
9	0.0139518028628375	0.0366008334843269	0.0233737996013771	0.9260735640514586
10	0.6097122302158273	0.1241007194244604	0.1264988009592326	0.1396882494004796
11	0.336676217765043	0.2113180515759312	0.3388252148997135	0.1131805157593123
12	0.1930501930501931	0.3104247104247104	0.2517374517374517	0.2447876447876448
