Pos	A	C	G	T
1	0.29325065436869	0.17384394864763805	0.24912750841331172	0.28377788857036024
2	0.30340894927084633	0.09974448460675558	0.37570110931073164	0.22114545681166645
3	0.27782624953259377	0.1131746229589929	0.35223731771157923	0.2567618097968341
4	0.05870621961859653	0.2987660476131123	0.08936806680792721	0.5531596659603639
5	0.6840334039636047	0.09235946653371557	0.1437118284930824	0.07989530100959741
6	0.5197557023557273	0.009098840832606257	0.42191200299139975	0.04923345382026673
7	0.0372678549171133	0.0155802069051477	0.03639536333042503	0.910756574847314
8	0.7605633802816901	0.0049856662096472645	0.222360712950268	0.012090240558394616
9	0.052723420167019815	0.004487099588682538	0.011840957247912252	0.9309485229963854
10	0.9758195188832107	0.0016203415181353608	0.0053595911753708085	0.01720054842328306
11	0.01171631559267107	0.8175246167269101	0.15218746104948275	0.018571606630936058
12	0.024554406082512775	0.0001246416552411816	0.9744484606755578	0.0008724915866882712
13	0.9948896921351116	0.0002492833104823632	0.0028667580705471767	0.001994266483858906
14	0.0007478499314470896	0.0002492833104823632	0.8110432506543687	0.18795961610370185
15	0.002742116415305995	0.36283185840707965	0.00311604138102954	0.6313099837965849
16	0.0372678549171133	0.3010095974074536	0.18048111678923096	0.4812414308862022
17	0.0028667580705471767	0.8926835348373426	0.04250280443724293	0.061946902654867256
18	0.11878349744484606	0.014583073663218248	0.8432007977065935	0.02343263118534214
19	0.13118534214134364	0.3527982051601645	0.21668951763679423	0.2993269350616976
20	0.15483609622335784	0.1868690016203415	0.33182724666583574	0.3264676554904649
