Pos	A	C	G	T
1	0.2660913340524991	0.2765192376842862	0.2161093131966918	0.2412801150665228
2	0.2737107825459791	0.2509917057338623	0.2394518571943743	0.2358456545257843
3	0.3237359550561798	0.2489466292134832	0.1650280898876405	0.2622893258426967
4	0.2430628731998595	0.2132068844397612	0.3526519142957499	0.1910783280646294
5	0.2460924509477885	0.4210176255404057	0.1918856002660459	0.1410043232457599
6	0.3801246310265661	0.3138734011151197	0.1197113807805838	0.1862905870777304
7	0.1330849081714134	0.235027947830716	0.0646792653713069	0.5672078786265637
8	0.0571428571428571	0.1799498746867168	0.6215538847117794	0.1413533834586466
9	0.2174422007609014	0.3895229733684519	0.0597014925373134	0.3333333333333333
10	0.2565095003518649	0.3173821252638986	0.1667839549612949	0.2593244194229416
11	0.3633507853403141	0.231413612565445	0.1787085514834206	0.2265270506108202
12	0.2188286022278117	0.2396694214876033	0.2518864534674811	0.2896155228171038
