Pos	A	C	G	T
1	0.2938486910830183	0.1698939932598176	0.3394960071973512	0.1967613084598129
2	0.0786352213871069	0.3187171225410421	0.0654542886509841	0.537193367420867
3	0.166714764318439	0.0156886695066798	0.7945840144790192	0.023012551695862
4	0.0107770657726391	0.9662397775165554	0.0107646676733874	0.012218489037418
5	0.0195813427654064	0.0177638554387146	0.9480079822092974	0.0146468195865816
6	0.0390861556811428	0.4496231252804927	0.0333892655262456	0.477901453512119
7	0.446533198650637	0.2399376487412246	0.1433200021675357	0.1702091504406027
8	0.4119148702339858	0.2488424923922817	0.1518120075957075	0.1874306297780252
9	0.2439212627869229	0.239970761931436	0.1552575538082223	0.3608504214734187
10	0.2134801018835548	0.2136891233750275	0.2940957902552123	0.2787349844862056
11	0.2847279095018611	0.231745108232078	0.2742554727863153	0.2092715094797457
12	0.181345375803155	0.3418991471209709	0.2545762020299319	0.2221792750459422
13	0.1914347565304877	0.2607414031703361	0.3413223874212643	0.206501452877912
14	0.2142495363455347	0.3403553559357548	0.2474874735527119	0.1979076341659985
