Pos	A	C	G	T
1	0.53024723829563	0.15518148342977	0.20620725933719	0.1083640189374
2	0.93740758994579	0.0059142434696895	0.028585510103499	0.028092656481025
3	0.97189575881451	0.0071538068472151	0.013285641287685	0.0076647930505876
4	0.99529042386185	0.0026164311878598	0.0010465724751439	0.0010465724751439
5	0.99373040752351	0.0	0.0015673981191223	0.0047021943573668
6	0.99581151832461	0.0	0.0041884816753927	0.0
7	0.81595881595882	0.043758043758044	0.065208065208065	0.075075075075075
8	0.37221727515583	0.09973285841496	0.053873552983081	0.47417631344613
9	0.59456080025008	0.16411378555799	0.11441075336043	0.12691466083151
10	0.15861812778603	0.067979197622585	0.70653789004458	0.066864784546805
11	0.2628979143798	0.10510428100988	0.11004390779363	0.52195389681668
12	0.80084210526316	0.060210526315789	0.077894736842105	0.061052631578947
13	0.5115653577192	0.18370091447015	0.26089295320065	0.043840774610005
14	0.3489010989011	0.13540031397174	0.39717425431711	0.11852433281005
