Pos	A	C	G	T
1	0.18477475307155	0.14309804866297	0.42086244278487	0.25126475548061
2	0.12371436967382	0.085316877265158	0.61563326476638	0.17533548829464
3	0.19812583668005	0.34377510040161	0.18299866131191	0.27510040160643
4	0.29173989455185	0.085676625659051	0.44474956063269	0.17783391915641
5	0.067524481894785	0.51298109769984	0.13800956501936	0.28148485538602
6	0.17949831686394	0.054511890541861	0.58008469975024	0.18590509284396
7	0.41750183329259	0.018332925934979	0.46247861158641	0.10168662918602
8	0.22270642201835	0.54357798165138	0.19220183486239	0.04151376146789
9	0.11591573430098	0.053220441487753	0.62231629876021	0.20854752545106
10	0.36563993627191	0.0023898035050451	0.61975570897504	0.012214551248008
11	0.0014672535680939	0.99359743897559	0.0013338668800854	0.0036014405762305
12	0.87509349289454	0.024931438544004	0.033158813263525	0.066816255297931
13	0.0001334757074212	0.0	0.99345969033636	0.00640683395622
14	0.082234386663349	0.0069669071908435	0.88940034834536	0.021398357800448
15	0.033526011560694	0.0	0.94155427103404	0.024919717405267
16	0.0005155303518495	0.0002577651759247	0.95128238175023	0.047944322722
17	0.45674740484429	0.14346553100878	0.39180196965664	0.0079850944902848
18	0.42746081504702	0.085391849529781	0.27523510971787	0.21191222570533
19	0.0057576550641193	0.010075896362209	0.015310128238681	0.96885632033499
20	0.10674778761062	0.035619469026549	0.71404867256637	0.14358407079646
21	0.42569694244604	0.13927607913669	0.34779676258993	0.087230215827338
22	0.064505041246563	0.7801329055912	0.014780018331806	0.14058203483043
23	0.090293453724605	0.20531011501666	0.45791680103193	0.24647963022681
24	0.17516737674985	0.1253804017042	0.53280584297018	0.16664637857578
25	0.25659215633784	0.18645428992103	0.25779681434882	0.29915673939232
26	0.42053356935137	0.073334176254899	0.32621064609938	0.17992160829435
27	0.33357888275015	0.024063842848373	0.097728667894414	0.54462860650706
28	0.10910572892408	0.011178388448999	0.061248253376805	0.81846762925012
29	0.018422055647313	0.01588108245458	0.93241011307331	0.0332867488248
30	0.17641784353284	0.028581035642233	0.77191212732571	0.023088993499215
31	0.28052305574673	0.15877494838266	0.41589814177564	0.14480385409498
