Pos	A	C	G	T
1	0.2462406015037594	0.2318295739348371	0.2568922305764411	0.2650375939849624
2	0.3089230769230769	0.1778461538461538	0.2436923076923077	0.2695384615384616
3	0.2242822966507177	0.2505980861244019	0.1561004784688995	0.3690191387559809
4	0.3885350318471338	0.1121999020088192	0.4198922097011269	0.0793728564429201
5	0.0150331901600937	0.8682155408043732	0.0831706364701289	0.0335806325654041
6	0.0152391319137356	0.9721749778896523	0.0081638206680727	0.0044220695285394
7	0.0040580023806947	0.004112109079104	0.9786278541283412	0.0132020344118602
8	0.1344086021505376	0.1931003584229391	0.6084229390681004	0.0640681003584229
9	0.1652593486127865	0.3540410132689988	0.2159227985524729	0.2647768395657419
10	0.2433414043583535	0.3323244552058112	0.1555690072639225	0.2687651331719128
11	0.2197336561743341	0.2070217917675545	0.37409200968523	0.1991525423728814
12	0.2003654080389768	0.2466504263093788	0.3550548112058465	0.1979293544457978
