Pos	A	C	G	T
1	0.0607037335482138	0.771286596830513	0.0061778135911899	0.1618318560300833
2	0.103696434412823	0.0094046450768728	0.879375204448806	0.0075237160614982
3	0.1900237529691211	0.2026920031670625	0.3028503562945368	0.3044338875692795
4	0.316546762589928	0.2283226050738357	0.1245740249905339	0.3305566073457024
5	0.2985311631599841	0.2238983723699881	0.1814211988884478	0.29614926558158
6	0.3740458015267176	0.1717557251908397	0.1656488549618321	0.2885496183206107
7	0.3357142857142857	0.2031746031746032	0.2055555555555555	0.2555555555555555
8	0.2809850625756964	0.236980218005652	0.2232539362131611	0.2587807832054905
9	0.2386547811993517	0.2597244732576985	0.2475688816855754	0.2540518638573744
10	0.248074584515606	0.2496959870287799	0.2561815970814755	0.2460478313741386
11	0.2476692338873125	0.2509120389136603	0.2586137008512363	0.2428050263477908
12	0.2489862124898621	0.2546634225466342	0.2477696674776967	0.248580697485807
