Pos	A	C	G	T
1	0.2176212872288723	0.382347177016323	0.163665905056037	0.2363656306987676
2	0.199713319523071	0.561500714164675	0.1203331010647114	0.1184528652475427
3	0.0298132574324487	0.0285542565537109	0.9167735910388448	0.0248588949749956
4	0.0222499217303293	0.0226252917323649	0.9195611194541756	0.0355636670831304
5	0.0338660903163011	0.0189687831813784	0.9171220825826396	0.0300430439196809
6	0.063742842849698	0.1006135549887848	0.0681304457016379	0.7675131564598793
7	0.6347845338603435	0.0582271992004344	0.0721751350024944	0.2348131319367276
8	0.1495712386036177	0.3647216616961839	0.1265153413568658	0.3591917583433327
9	0.2885647967124245	0.2478082026653505	0.2531769589451698	0.2104500416770551
10	0.2728574980102211	0.2131990873603792	0.2753911418689129	0.2385522727604868
11	0.2700396099257051	0.2381620044233307	0.2758980635954491	0.2159003220555152
12	0.1966621273831588	0.3256028412668377	0.2518258653223545	0.2259091660276492
13	0.2052169799120599	0.3401065932463871	0.2460209917774036	0.2086554350641495
14	0.2033121100397763	0.3199314876546726	0.2707566517379285	0.2059997505676225
15	0.2184503574878112	0.2375158195714905	0.3079308600852067	0.2361029628554917
