Pos	A	C	G	T
1	0.902439	0.052846	0.036585	0.00813
2	0.01355	0.9729	0.0	0.01355
3	0.004065	0.97561	0.006775	0.01355
4	0.00271	0.933604	0.0	0.063686
5	0.001355	0.96748	0.025745	0.00542
6	0.00813	0.004065	0.98103	0.006775
7	0.067751	0.0	0.001355	0.930894
8	0.0	0.00271	0.0	0.99729
9	0.998645	0.0	0.0	0.001355
10	0.817073	0.02168	0.126016	0.03523
11	0.009485	0.079946	0.023035	0.887534
12	0.826558	0.0	0.169377	0.004065
13	0.112466	0.592141	0.149051	0.146341
14	0.139566	0.218157	0.630081	0.012195
15	0.738482	0.154472	0.074526	0.03252
