Pos	A	C	G	T
1	0.1952150227635752	0.2725052665285945	0.198014797544278	0.3342649131635523
2	0.5932765958026651	0.0814545380428809	0.1904047550855635	0.1348641110688906
3	0.1892801806066857	0.3565669944384015	0.3450704059783081	0.1090824189766049
4	0.1072613941987223	0.2064906324977965	0.1706752008745649	0.5155727724289164
5	0.2975419205824449	0.1993740933826041	0.3468311072761135	0.1562528787588374
6	0.0146570554622784	0.0147968102273669	0.9333397153875918	0.0372064189227627
7	0.9205639247014846	0.0204862187394954	0.0360095893808719	0.0229402671781481
8	0.0198831644581107	0.0217262247431331	0.0157511655292087	0.9426394452695476
9	0.0309003098784454	0.6980323284113151	0.0245530749462741	0.2465142867639654
10	0.2702984764034744	0.2923604372217118	0.2323073415939272	0.2050337447808866
11	0.2525629882910108	0.4264068783879754	0.1220835630327036	0.1989465702883098
12	0.2642783798385733	0.2087306047032893	0.1999935517648813	0.3269974636932561
13	0.2291502888209283	0.2326722508794698	0.2354258462727215	0.3027516140268804
14	0.2293428065412188	0.22929902166534	0.2600684523610081	0.2812897194324331
