Pos	A	C	G	T
1	0.2346409571675893	0.2377757848261454	0.359824477636718	0.1677587803695471
2	0.3167499269582236	0.2844197227857839	0.1280823431937964	0.2707480070621961
3	0.2893328206244823	0.3235874197681905	0.1899662739255424	0.1971134856817847
4	0.2397631075227278	0.1629070768891284	0.5127337839518359	0.0845960316363079
5	0.1213518938508986	0.2113841109285873	0.4183319584335181	0.248932036786996
6	0.5411853284138815	0.1384345743257329	0.2105402430862722	0.1098398541741134
7	0.023830475928625	0.7645304214372233	0.0416481151938123	0.1699909874403394
8	0.8824453907899926	0.0198287810097811	0.0778669926841179	0.0198588355161083
9	0.0495246052465373	0.4119001119141509	0.3375331578634961	0.2010421249758158
10	0.0198697787514132	0.1002578531960026	0.02064055636411	0.8592318116884743
11	0.0189878454564135	0.009262977803912	0.9635684926515468	0.0081806840881279
12	0.3078616389242268	0.1464223403395928	0.3334797793789011	0.2122362413572794
13	0.2118866635522167	0.4467605926374564	0.2936019215386796	0.0477508222716472
14	0.2139095521411734	0.1926710852934984	0.1766528983483961	0.4167664642169321
