Pos	A	C	G	T
1	0.34126046535518	0.21803893368946	0.27289537213005	0.16780522882531
2	0.13135402609087	0.48305593042435	0.12633078422552	0.25925925925926
3	0.16148299220628	0.48240949814262	0.20576881054702	0.15033869910409
4	0.6573061110724	0.097066406522194	0.16193993449934	0.083687547906069
5	0.78370611991302	0.018018018018018	0.059335197266232	0.13894066480273
6	0.75797487628474	0.0057099352874001	0.0094404263418348	0.22687476208603
7	0.59773199445983	0.041118421052632	0.017226454293629	0.34392313019391
8	0.27782935268799	0.3618870790784	0.10616929698709	0.25411427124652
9	0.23330959586968	0.31066405554566	0.28778707495104	0.16823927363361
10	0.22859177496884	0.34796154530888	0.28983443119103	0.13361224853124
11	0.22538721737582	0.3978102189781	0.23259747196012	0.14420509168595
12	0.24143149648358	0.29404433365975	0.28167007923084	0.18285409062583
13	0.15623609009169	0.29484554437817	0.29591382533606	0.25300454019407
14	0.44565773758744	0.07362224876301	0.16370926463061	0.31701074901894
15	0.35388107919322	0.012922378416136	0.019383567624203	0.61381297476644
16	0.30240879734683	0.029237214173503	0.0074183976261128	0.66093559085355
17	0.15875169606513	0.23138319099689	0.036635006784261	0.57323010615372
18	0.10096422025659	0.31827237230058	0.079209498764842	0.50155390867798
19	0.30449428970504	0.1762385999507	0.39035412045025	0.12891298989401
20	0.36959464840328	0.47296328740941	0.11475670940511	0.042685354782193
21	0.075138391403452	0.88529794855096	0.02800390752198	0.011559752523608
22	0.035920925747348	0.85583413693346	0.026197364191578	0.082047573127612
23	0.087302205939668	0.82243354899057	0.019487099540104	0.070777145529659
24	0.85806249018684	0.11610927932171	0.0098131574815513	0.016015073009892
25	0.9816756232931	0.0011452735441811	0.011805127301559	0.0053739758611576
26	0.96323018080668	0.0034770514603616	0.0046940194714882	0.028598748261474
27	0.76263957816377	0.074596774193548	0.033111042183623	0.12965260545906
28	0.25599591767307	0.34529681918694	0.078754890287464	0.31995237285253
