Pos	A	C	G	T
1	0.1626293508936971	0.17078237692066478	0.4627234242709313	0.2038648479147068
2	0.19982753214173724	0.10277516462841016	0.5988554405769834	0.09854186265286924
3	0.0848228284728755	0.7124490435873314	0.07243650047036689	0.13029162746942616
4	0.3160865475070555	0.30887425525243023	0.0892129194104735	0.2858262778300408
5	0.08309814989024773	0.05738476011288805	0.786296644716212	0.07322044528065225
6	0.05299466917529006	0.8157729695829413	0.07917842583882095	0.05205393540294763
7	0.04813421135152085	0.007682659140796488	0.9078080903104422	0.036375039197240513
8	0.0070555032925682035	0.004860457823769207	0.007212292254625274	0.9808717466290373
9	0.737848855440577	0.0012543116964565694	0.25979931012856694	0.0010975227343994983
10	0.03167137033552838	0.4666039510818438	0.48008780181875194	0.021636876763875823
11	0.04107870805895265	0.682815929758545	0.06757604264659768	0.20852931953590467
12	0.8733145186578865	0.027281279397930385	0.056130448416431486	0.043273753527751646
13	0.20821574161179052	0.03292568203198495	0.7061774851050486	0.05268109125117592
14	0.1445986202571339	0.07482753214173722	0.5411179052994669	0.23945594230166195
15	0.3270225776105362	0.2889228598306679	0.21679993728441518	0.16725462527438067
