Pos	A	C	G	T
1	0.3962148962148962	0.15873015873015872	0.26556776556776557	0.1794871794871795
2	0.10729548229548229	0.48153235653235654	0.27945665445665446	0.13171550671550672
3	0.007936507936507936	0.008547008547008548	0.009768009768009768	0.9737484737484737
4	0.009768009768009768	0.0	0.9902319902319903	0.0
5	0.0	1.0	0.0	0.0
6	0.03785103785103785	0.0	0.9621489621489622	0.0
7	0.0	0.0	1.0	0.0
8	0.01282051282051282	0.985958485958486	0.0	0.001221001221001221
9	1.0	0.0	0.0	0.0
10	0.08608058608058608	0.23687423687423687	0.5854700854700855	0.09157509157509157
11	0.16727716727716727	0.18315018315018314	0.231990231990232	0.4175824175824176
12	0.26312576312576313	0.18986568986568986	0.3888888888888889	0.1581196581196581
