Pos	A	C	G	T
1	0.069	0.118	0.69	0.123
2	0.262	0.052	0.608	0.078
3	0.088	0.135	0.195	0.582
4	0.552	0.113	0.172	0.163
5	0.64	0.087	0.155	0.118
6	0.189	0.094	0.162	0.555
7	0.24	0.169	0.443	0.148
8	0.14	0.593	0.089	0.178
9	0.106	0.56	0.128	0.206
10	0.265	0.227	0.168	0.34
11	0.137	0.009	0.842	0.012
12	0.705	0.011	0.264	0.02
13	0.05	0.019	0.82	0.111
14	0.207	0.056	0.651	0.086
15	0.057	0.054	0.834	0.055
16	0.145	0.071	0.732	0.052
17	0.037	0.016	0.886	0.061
18	0.095	0.095	0.687	0.123
19	0.333	0.25	0.209	0.208
20	0.079	0.186	0.057	0.678
21	0.116	0.404	0.042	0.438
22	0.299	0.553	0.057	0.091
