Pos	A	C	G	T
1	0.356942889137738	0.024356103023516238	0.4062150055991041	0.21248600223964165
2	0.45492721164613664	0.008118701007838746	0.42581187010078386	0.11114221724524076
3	0.24860022396416573	0.005599104143337066	0.7144456886898096	0.03135498320268757
4	0.07502799552071669	0.0033594624860022394	0.910414333706607	0.011198208286674132
5	0.0167973124300112	0.0	0.9820828667413214	0.0011198208286674132
6	0.11310190369540873	0.0022396416573348264	0.8812989921612542	0.0033594624860022394
7	0.47144456886898095	0.014557670772676373	0.5106382978723404	0.0033594624860022394
8	0.3493840985442329	0.04143337066069429	0.5957446808510638	0.013437849944008958
9	0.3135498320268757	0.15453527435610304	0.43896976483762595	0.0929451287793953
10	0.23516237402015677	0.24300111982082867	0.3348264277715566	0.187010078387458
11	0.20940649496080627	0.2541993281075028	0.2933930571108623	0.24300111982082867
12	0.2038073908174692	0.16685330347144456	0.3919372900335946	0.2374020156774916
13	0.2038073908174692	0.135498320268757	0.47368421052631576	0.187010078387458
14	0.24524076147816348	0.11198208286674133	0.4322508398656215	0.21052631578947367
15	0.2597984322508399	0.12877939529675253	0.40201567749160133	0.20940649496080627
16	0.20828667413213886	0.19260918253079506	0.42105263157894735	0.1780515117581187
17	0.14893617021276595	0.23068309070548712	0.43673012318029114	0.18365061590145576
18	0.30011198208286677	0.19148936170212766	0.3079507278835386	0.20044792833146696
19	0.4244120940649496	0.04479283314669653	0.43001119820828665	0.10078387458006718
20	0.0167973124300112	0.8734602463605823	0.004479283314669653	0.10526315789473684
21	0.008958566629339306	0.0011198208286674132	0.9876819708846585	0.0022396416573348264
22	0.007838745800671893	0.9888017917133258	0.0033594624860022394	0.0
23	0.0011198208286674132	0.0022396416573348264	0.0033594624860022394	0.9932810750279956
24	0.0011198208286674132	0.0	0.9977603583426652	0.0011198208286674132
25	0.7323628219484882	0.008958566629339306	0.1511758118701008	0.10750279955207166
26	0.07866741321388578	0.5960246360582306	0.056270996640537516	0.269036954087346
