Pos	A	C	G	T
1	0.3496791320557069	0.1211893321745589	0.1558227323167476	0.3733088034529866
2	0.162147653636346	0.0436712208886541	0.1384983195280652	0.6556828059469346
3	0.0267434174645701	0.0242374896926115	0.035349308510489	0.9136697843323296
4	0.6915625232652428	0.0237006947078473	0.2600551624000331	0.0246816196268768
5	0.0386869422011266	0.6043913987437975	0.3273386501892804	0.0295830088657954
6	0.0452748857761756	0.0556747769875863	0.8238589638679187	0.0751913733683194
7	0.183658963443884	0.0645219483489044	0.4651611118536932	0.2866579763535183
8	0.5275657865351188	0.0512029714831111	0.1218808230586931	0.299350418923077
9	0.077146410623905	0.3672278817699218	0.0335714750793838	0.5220542325267893
10	0.4824980959770685	0.4672545249791978	0.0309163536125699	0.0193310254311639
11	0.0294943403162586	0.0368754716937254	0.9062829470770514	0.0273472409129646
12	0.0357577491245063	0.0378282473169571	0.0734610022209885	0.8529530013375483
