Pos	A	C	G	T
1	0.2404518558364712	0.2372243141473911	0.272189349112426	0.2501344809037117
2	0.247172859450727	0.2477113624124933	0.2574044157242865	0.2477113624124933
3	0.2513455328310011	0.2540365984930033	0.2459634015069968	0.2486544671689989
4	0.2765273311897106	0.2159699892818864	0.2663451232583066	0.2411575562700965
5	0.3148441627047016	0.1922873745377707	0.2768092974115161	0.2160591653460116
6	0.2125732551944592	0.3036760788492275	0.2653169952051145	0.2184336707511987
7	0.1412922906267332	0.8526760953965613	0.0036744315030505	0.002357182473655
8	0.695971692977681	0.0182362547632009	0.1603157321720196	0.1254763200870985
9	0.0071661237785016	0.5971769815418024	0.0729641693811075	0.3226927252985885
10	0.2307692307692308	0.0726757904672015	0.6840490797546013	0.0125058990089665
11	0.1294470638662666	0.2580368624089155	0.0895842263180454	0.5229318474067723
12	0.0725266062278281	0.114702404414663	0.5810011824990146	0.2317698068584943
