Pos	A	C	G	T
1	0.005036	6.0e-06	0.994953	5.0e-06
2	0.999983	6.0e-06	6.0e-06	5.0e-06
3	0.999983	6.0e-06	6.0e-06	5.0e-06
4	5.0e-06	6.0e-06	0.999984	5.0e-06
5	0.027596	6.0e-06	0.972393	5.0e-06
6	0.999983	6.0e-06	6.0e-06	5.0e-06
7	0.272103	0.137198	0.498318	0.092381
8	0.174087	0.062047	0.739776	0.02409
9	0.183538	0.112351	0.627431	0.07668
10	0.287194	0.280945	0.251525	0.180337
11	0.252896	0.137503	0.475453	0.134149
12	0.217683	0.245885	0.358992	0.17744
13	0.252591	0.337956	0.208843	0.200611
14	0.314328	0.241007	0.235062	0.209604
15	0.316614	0.235824	0.244817	0.202745
16	0.315547	0.21433	0.260671	0.209452
17	0.317071	0.205337	0.276981	0.200611
18	0.324083	0.204575	0.261738	0.209604
19	0.322407	0.1968	0.268597	0.212196
20	0.31448	0.19802	0.265091	0.222409
21	0.348473	0.197715	0.261738	0.192074
22	0.392984	0.163722	0.287957	0.155337
23	0.326827	0.121345	0.423777	0.128051
24	0.240396	0.082169	0.586121	0.091314
25	0.30259	0.075004	0.547707	0.074699
26	0.363259	0.100613	0.45777	0.078357
