Pos	A	C	G	T
1	0.17924107142857143	0.28415178571428573	0.20245535714285715	0.3341517857142857
2	0.12723214285714285	0.07589285714285714	0.7294642857142857	0.06741071428571428
3	0.6879464285714286	0.08035714285714286	0.16428571428571428	0.06741071428571428
4	0.12232142857142857	0.11785714285714285	0.6375	0.12232142857142857
5	0.11964285714285715	0.7227678571428572	0.10044642857142858	0.05714285714285714
6	0.3607142857142857	0.5196428571428572	0.08705357142857142	0.032589285714285716
7	0.17946428571428572	0.24151785714285715	0.06964285714285715	0.509375
8	0.18392857142857144	0.7107142857142857	0.06428571428571428	0.04107142857142857
9	0.14241071428571428	0.7044642857142858	0.01607142857142857	0.13705357142857144
10	0.8535714285714285	0.027678571428571427	0.004464285714285714	0.11428571428571428
11	0.6959821428571429	0.2732142857142857	0.013839285714285714	0.016964285714285713
12	0.2638392857142857	0.2897321428571429	0.003125	0.4433035714285714
13	0.9526785714285714	0.0013392857142857143	0.00625	0.039732142857142855
14	0.95625	0.007589285714285714	0.0035714285714285713	0.032589285714285716
15	0.8986607142857143	0.023660714285714285	0.05133928571428571	0.026339285714285714
16	0.7691964285714286	0.009375	0.012053571428571429	0.209375
17	0.9316964285714285	0.06383928571428571	0.0013392857142857143	0.003125
18	0.013392857142857142	0.9825892857142857	0.0017857142857142857	0.002232142857142857
19	0.05267857142857143	0.06339285714285714	0.7227678571428572	0.1611607142857143
20	0.2017857142857143	0.5839285714285715	0.10580357142857143	0.10848214285714286
21	0.053125	0.048660714285714286	0.04642857142857143	0.8517857142857143
22	0.03794642857142857	0.025	0.9053571428571429	0.03169642857142857
23	0.21261160714285715	0.39207589285714284	0.25636160714285716	0.13895089285714285
24	0.3430803571428571	0.30870535714285713	0.15513392857142858	0.19308035714285715
