Pos	A	C	G	T
1	0.16111157753337	0.084837545126354	0.63160104105449	0.12244983628579
2	0.14994783725223	0.072666720166921	0.58434315062997	0.19304229195089
3	0.1799705615942	0.16564764492754	0.35382699275362	0.30055480072464
4	0.3492487836176	0.18285836496819	0.077741538790568	0.39015131262364
5	0.46003918737754	0.058832628648035	0.42085180983809	0.060276374136331
6	0.0003324836528871	0.0038789759503491	0.97284716834756	0.022941372049208
7	0.0008469312856417	0.0025407938569251	0.000508158771385	0.99610411608605
8	0.071276319209774	0.021263322069145	0.89524304652976	0.012217312191318
9	0.013239138899705	0.0003893864382266	0.0082327418367915	0.97813873282528
10	0.82174363018087	0.0012320733330048	0.17618648661968	0.0008378098664432
11	0.0062275583482944	0.003927289048474	0.98866696588869	0.0011781867145422
12	0.9854521038496	0.0064346463742167	0.0036369740376007	0.0044762757385855
13	0.0	0.97820634301321	0.0005573825316315	0.021236274455159
14	0.15309566745272	0.075923614001017	0.74749156147408	0.023489157072178
15	0.11075418994413	0.54464618249534	0.20921787709497	0.13538175046555
16	0.16162795726828	0.16041693698369	0.45940919510402	0.218545910644
17	0.18591033851784	0.25675510826471	0.31155840195181	0.24577615126563
