Pos	A	C	G	T
1	0.3048521196398172	0.2521205766672646	0.2191333216638255	0.2238939820290925
2	0.2342933973973995	0.2295809605865367	0.3120240284934775	0.2241016135225863
3	0.266249914244002	0.2342548455511682	0.151444102216279	0.3480511379885508
4	0.0709448822423626	0.0185433649365746	0.0137135059855818	0.8967982468354809
5	0.8088775385612303	0.0055782925392536	0.1242475591433837	0.0612966097561323
6	0.9730013060218984	0.0079838143383248	0.012017487891034	0.0069973917487428
7	0.0384708113692751	0.0194835116467699	0.0609599277638051	0.8810857492201498
8	0.0236785014024486	0.8964873563816714	0.0340742982028067	0.0457598440130728
9	0.0489317397111099	0.6104156534044421	0.1083094519023156	0.2323431549821323
10	0.1952000897055824	0.3249734126834292	0.270855912420104	0.2089705851908844
