Pos	A	C	G	T
1	0.1314248536109304	0.4918672739102147	0.2394274560832791	0.1372804163955758
2	0.1527027027027027	0.4783783783783784	0.172972972972973	0.1959459459459459
3	0.2216949152542373	0.103728813559322	0.4047457627118644	0.2698305084745763
4	0.2741661955907292	0.1831543244771057	0.4940644431882419	0.0486150367439231
5	0.0195134313228586	0.8560567663456665	0.0932589964521034	0.0311708058793715
6	0.0096831813481245	0.970386387139231	0.0088370781235311	0.0110933533891135
7	0.0104370515329419	0.0053000652315721	0.9746412263535552	0.0096216568819308
8	0.014886544298309	0.0362769186298598	0.9387194681312327	0.0101170689405984
9	0.0772578890097933	0.4608269858541894	0.0750816104461371	0.3868335146898803
10	0.3222958057395143	0.1677704194260486	0.2803532008830022	0.2295805739514349
11	0.2682387619749447	0.2056005895357406	0.1879145173176124	0.3382461311717023
12	0.264750378214826	0.2617246596066566	0.2307110438729198	0.2428139183055976
