Pos	A	C	G	T
1	0.27371198444660466	0.20038883488404388	0.2510762394111929	0.2748229412581586
2	0.3403346757394806	0.12286487987779475	0.22771142896819885	0.30908901541452577
3	0.23010692959311208	0.09540341619219553	0.40730454103596725	0.2671851131787252
4	0.1130398555756145	0.11817803082905153	0.11192889876406055	0.6568532148312735
5	0.4243855020136092	0.07721149840299958	0.42355228440494375	0.07485071517844744
6	0.005554784057769754	0.00013886960144424384	0.9941674767393418	0.00013886960144424384
7	1.0	0.0	0.0	0.0
8	0.0	0.0	1.0	0.0
9	0.0	0.0	1.0	0.0
10	0.003194000833217609	0.9862519094570199	0.0002777392028884877	0.010276350506874045
11	0.00860991528954312	0.49895847798916815	0.017914178586307457	0.47451742813498127
12	0.22076794889598667	0.09842383002360783	0.6301555339536176	0.05065268712678794
13	0.19785446465768644	0.2009095958894598	0.36630329120955424	0.23493264824329954
