Pos	A	C	G	T
1	0.4075118286542262	0.1636127548877792	0.2510286085895919	0.1778468078684028
2	0.0850433903449547	0.1072567639766166	0.646490856489802	0.1612089891886269
3	0.1403414507810325	0.1212320650467491	0.3314094483957314	0.4070170357764869
4	0.9142548703452238	0.0203949243942233	0.0322918712111142	0.0330583340494386
5	0.012466166936133	0.012097191324818	0.9621217450258712	0.0133148967131776
6	0.0209489455790539	0.2859556388391183	0.6688226398250272	0.0242727757568006
7	0.0195473458489813	0.5526691466533122	0.0139698238882508	0.4138136836094557
8	0.1866285911970715	0.0158711745519813	0.7484634016094766	0.0490368326414705
9	0.0284260346708999	0.8561827777226787	0.0323383961724638	0.0830527914339576
10	0.3244543892619983	0.1218753879892606	0.3767168022277971	0.176953420520944
