Pos	A	C	G	T
1	0.39855072463768115	0.463768115942029	0.06884057971014493	0.06884057971014493
2	0.9565217391304348	0.010869565217391304	0.0	0.03260869565217391
3	0.0	0.06521739130434782	0.0036231884057971015	0.9311594202898551
4	0.16304347826086957	0.03260869565217391	0.010869565217391304	0.7934782608695652
5	0.2536231884057971	0.0036231884057971015	0.0	0.7427536231884058
6	0.14855072463768115	0.007246376811594203	0.8405797101449275	0.0036231884057971015
7	0.0	1.0	0.0	0.0
8	0.9927536231884058	0.007246376811594203	0.0	0.0
9	0.0	0.0	0.0	1.0
10	0.9601449275362319	0.010869565217391304	0.021739130434782608	0.007246376811594203
11	0.41304347826086957	0.09420289855072464	0.007246376811594203	0.4855072463768116
12	0.29347826086956524	0.05434782608695652	0.22826086956521738	0.42391304347826086
13	0.07246376811594203	0.2753623188405797	0.13043478260869565	0.5217391304347826
14	0.4311594202898551	0.13043478260869565	0.10507246376811594	0.3333333333333333
15	0.4927536231884058	0.14130434782608695	0.06884057971014493	0.2971014492753623
