Pos	A	C	G	T
1	0.6370067014147431	0.0658972449739389	0.1820551005212211	0.1150409530900968
2	0.6374951380785686	0.1349669389342668	0.1419681057954104	0.0855698171917542
3	0.4392716028173853	0.004981961862223	0.5217316612265934	0.0340147740937983
4	0.0661219223739383	0.902161057950758	0.0035480055907967	0.028169014084507
5	0.0785536159600998	0.312551953449709	0.4970906068162926	0.1118038237738986
6	0.0851393188854489	0.103328173374613	0.6261609907120743	0.1853715170278638
7	0.2502472799208704	0.4277942631058358	0.1419386745796241	0.1800197823936696
8	0.3083421330517424	0.1890179514255544	0.2972544878563886	0.2053854276663147
9	0.2834941050375134	0.2315112540192926	0.2781350482315113	0.2068595927116827
10	0.2845615922538999	0.2608929532006455	0.2275416890801506	0.2270037654653039
11	0.267635971997846	0.2213247172859451	0.2380183091007	0.2730210016155089
12	0.2641815235008104	0.2474338195569962	0.2414910858995138	0.2468935710426796
