Pos	A	C	G	T
1	0.331871259301223	0.0884879206606295	0.2296421281524014	0.3499986918857462
2	0.0873515811709546	0.0688126441300486	0.4462709435860288	0.397564831112968
3	0.0169910223428009	0.0169953226756148	0.8835239170472858	0.0824897379342986
4	0.1415830349186958	0.1965133485891026	0.4954103588791609	0.1664932576130407
5	0.0145241326137627	0.6309342497879405	0.0424726984951311	0.3120689191031658
6	0.8138232918322529	0.1427335129909183	0.0313660285583399	0.012077166618489
7	0.0635179785090846	0.6284209259914239	0.0898156729031849	0.2182454225963067
8	0.4654562597290709	0.3324308600770297	0.1179282648655585	0.084184615328341
9	0.229592917803543	0.2688775003866107	0.1342024457094297	0.3673271361004167
