Pos	A	C	G	T
1	0.351742696053306	0.13339313172731931	0.29843669912865195	0.21642747309072272
2	0.3394413121476166	0.10417734495130702	0.4076114812916453	0.14876986160943106
3	0.10661199384930804	0.2496155817529472	0.26345463864684776	0.380317785750897
4	0.0046130189646335215	0.0015376729882111738	0.9928241927216812	0.0010251153254741158
5	0.018964633521271142	0.0030753459764223477	0.1619682214249103	0.8159917990773962
6	0.0	0.0015376729882111738	0.0010251153254741158	0.9974372116863147
7	0.9948744233726294	0.0035879036391594054	0.0015376729882111738	0.0
8	0.9928241927216812	0.0025627883136852894	0.004100461301896463	0.0005125576627370579
9	0.0005125576627370579	0.0015376729882111738	0.9979497693490518	0.0
10	0.8985135827780625	0.07124551512045105	0.005125576627370579	0.025115325474115838
11	0.9610456176319836	0.004100461301896463	0.02460276781137878	0.010251153254741158
12	0.7503844182470528	0.013839056893900564	0.12455151204510508	0.11122501281394157
13	0.0025627883136852894	0.005125576627370579	0.9835981547924142	0.008713480266529985
14	0.30855971296770884	0.09482316760635572	0.5653511019989749	0.031266017426960536
15	0.07842132239876987	0.10251153254741159	0.2752434648898001	0.5438236801640185
16	0.0814966683751922	0.16350589441312147	0.29215786776012304	0.4628395694515633
17	0.07022039979497693	0.8780112762685802	0.035366478728856995	0.016401845207585853
18	0.29574577139928243	0.12455151204510508	0.13223987698616094	0.44746283956945154
19	0.026140440799589954	0.008713480266529985	0.9569451563300871	0.008200922603792926
20	0.6155817529472065	0.17324449000512557	0.08354689902614044	0.12762685802152743
21	0.07995899538698104	0.027678113787801127	0.7534597642234752	0.1389031266017427
22	0.06752947206560739	0.1110968733982573	0.6026396719630959	0.21873398257303947
23	0.19067145053818554	0.18503331624807792	0.37109174782162996	0.25320348539210663
