Pos	A	C	G	T
1	0.2188221789967791	0.2432468988042972	0.1758935756835564	0.3620373465153673
2	0.2173564692092993	0.1770376738847263	0.3665993151968683	0.2390065417091061
3	0.222130158248338	0.2493896743900277	0.1850625289669153	0.343417638394719
4	0.0282935981305631	0.9411697116167184	0.0073076567515736	0.0232290335011449
5	0.0318680063738083	0.0177801224519292	0.9348022708658292	0.0155496003084331
6	0.0742749160098019	0.1965711378609562	0.2627999290997509	0.4663540170294909
7	0.3109617919512657	0.3227981018281617	0.1515426751268968	0.214697431093676
8	0.392522923244311	0.1893186267014389	0.2685858114335831	0.1495726386206669
9	0.108446631620061	0.3486657993412508	0.1926664770634854	0.3502210919752028
10	0.3367533647998907	0.0565458181642275	0.0808829308777133	0.5258178861581685
11	0.4546682516504491	0.1675526331638448	0.1986217965328909	0.1791573186528151
