Pos	A	C	G	T
1	0.3477225860709814	0.2174364729711938	0.269749355461827	0.1650915854959977
2	0.3886300673336191	0.1145838010512815	0.3491292718262967	0.1476568597888027
3	0.0672912816037549	0.1711490107015138	0.4946844503558354	0.2668752573388959
4	0.2245131749436546	0.128734975172136	0.3270751393253675	0.3196767105588419
5	0.9612799050197344	0.0077071478740408	0.0168812096681496	0.0141317374380755
6	0.0255862236144371	0.6103496837224319	0.0407025377835371	0.3233615548795939
7	0.0499872447490253	0.5092927760013815	0.1124374427974651	0.3282825364521282
8	0.2573777785389573	0.0225912300356685	0.7009250531199807	0.0191059383053934
9	0.0299326390068213	0.338908686423592	0.024991052853329	0.6061676217162577
10	0.1214024324565676	0.3581942764422764	0.1306976331358561	0.3897056579653
11	0.2422864482694865	0.1755819164451342	0.2067430446920668	0.3753885905933125
12	0.2416244736519995	0.408704738750587	0.1096557201651128	0.2400150674323009
