Pos	A	C	G	T
1	0.512129	0.109824	0.274459	0.103588
2	0.901314	4.4e-05	0.012519	0.086123
3	0.204116	0.391777	0.357902	0.046205
4	0.150135	0.535248	0.314571	4.6e-05
5	0.64991	0.35	4.4e-05	4.6e-05
6	4.6e-05	4.4e-05	0.999864	4.6e-05
7	4.6e-05	4.4e-05	0.999864	4.6e-05
8	0.998618	0.001292	4.4e-05	4.6e-05
9	0.999866	4.4e-05	4.4e-05	4.6e-05
10	0.139556	4.4e-05	0.860354	4.6e-05
11	0.104407	0.092365	0.002539	0.800689
12	0.383272	0.056187	0.448193	0.112348
13	0.384214	0.111072	0.458511	0.046203
14	0.449672	0.180962	0.212136	0.157231
15	0.398161	0.139766	0.248914	0.213159
16	0.270624	0.167213	0.383722	0.178441
