Pos	A	C	G	T
1	0.17823701536211	0.15387710314557	0.50449890270666	0.16338697878566
2	0.43158097253619	0.22105718820644	0.17079505555288	0.17656678370449
3	0.3231192450235	0.13586520460016	0.12566385206128	0.41535169831506
4	0.66890396546094	0.087653738707688	0.071907992598774	0.17153430323259
5	0.30596440596441	0.2962962962963	0.26685906685907	0.13088023088023
6	0.10041563494871	0.20100813583304	0.25632295719844	0.44225327201981
7	0.085372507869885	0.012465897166842	0.83080797481637	0.071353620146905
8	0.018141592920354	0.79195494770716	0.011946902654867	0.17795655671762
9	0.018438844499078	0.0010401399461018	0.97858257292799	0.0019384426268262
10	0.048097300285635	0.57477195245554	0.0086151294572929	0.36851561780153
11	0.048201500170474	0.095337538356631	0.002599727241732	0.85386123423116
12	0.85445292620865	0.022815945716709	0.041815097540288	0.080916030534351
13	0.98616788668124	0.0035649776594733	0.0034223785530944	0.0068447571061888
14	0.14308486675677	0.18487715285719	0.64240912083723	0.02962885954881
15	0.054900241175181	0.32734049550537	0.052532339399255	0.56522692392019
16	0.13683673068615	0.047641490907663	0.75582263069008	0.059699147716115
17	0.36481455949262	0.37736109196195	0.056895997058688	0.20092835148674
18	0.41152421720937	0.18556106007407	0.21567024193161	0.18724448078496
19	0.46168930723429	0.1664705672621	0.17285271151995	0.19898741398367
20	0.3265374682428	0.27572595376572	0.23289310685116	0.16484347114032
