Pos	A	C	G	T
1	0.15128146972103	0.1821274665457	0.3263778634611	0.34021320027217
2	0.21736997055937	0.052011776251227	0.54759568204122	0.18302257114818
3	0.056501869547154	0.015787287079352	0.17823016202742	0.74948068134607
4	0.024861878453039	0.015193370165746	0.076427255985267	0.88351749539595
5	0.01102434542949	0.0022967386311438	0.87965089572807	0.1070280202113
6	0.0039138943248532	0.062622309197652	0.0083170254403131	0.92514677103718
7	0.0090225563909774	0.0	0.96691729323308	0.02406015037594
8	0.077366650648727	0.019221528111485	0.4776549735704	0.42575684766939
9	0.037634408602151	0.0089605734767025	0.86155913978495	0.091845878136201
10	0.037527593818985	0.026931567328918	0.09757174392936	0.83796909492274
11	0.019710906701708	0.52912833990364	0.15812527376259	0.29303547963206
12	0.055802469135802	0.38172839506173	0.23950617283951	0.32296296296296
13	0.12487153134635	0.088386433710175	0.53186022610483	0.25488180883864
14	0.091936312275295	0.17051874678993	0.18438623523369	0.55315870570108
15	0.13610683102209	0.16486902927581	0.4648176682075	0.23420647149461
16	0.13257965056526	0.1813977389517	0.29958890030832	0.38643371017472
17	0.16897791474063	0.16795069337442	0.38931689779147	0.27375449409348
18	0.21725731895223	0.15151515151515	0.3030303030303	0.32819722650231
19	0.19116135662898	0.172147995889	0.38694758478931	0.2497430626927
20	0.17780061664954	0.1634121274409	0.33710174717369	0.32168550873587
21	0.12435765673176	0.19938335046249	0.29958890030832	0.37667009249743
22	0.13674832962138	0.055233853006682	0.52160356347439	0.28641425389755
23	0.02708406612733	0.025677101653183	0.36721772775237	0.58002110446711
24	0.046090534979424	0.047736625514403	0.14938271604938	0.75679012345679
25	0.022897196261682	0.019626168224299	0.90046728971963	0.057009345794393
26	0.025851456709069	0.094378334017234	0.1226918342224	0.75707837505129
27	0.049526270456503	0.036606373815676	0.81007751937984	0.10378983634798
28	0.073834794646977	0.050299953853253	0.57637286571297	0.2994923857868
29	0.15254237288136	0.067312348668281	0.49152542372881	0.28861985472155
30	0.22910798122066	0.1056338028169	0.34647887323944	0.318779342723
