Pos	A	C	G	T
1	0.2179641663881944	0.2188701059721141	0.3589211392925472	0.2042445883471444
2	0.2186980759981904	0.2198595341064716	0.2670461074347544	0.2943962824605836
3	0.2161500473679746	0.1781050546768689	0.3640072916847692	0.2417376062703874
4	0.2768663684439499	0.3471727916664332	0.2345895378103876	0.1413713020792292
5	0.610662021872815	0.0372551721570089	0.3054708968742045	0.0466119090959715
6	0.0787863832384236	0.6074694096614027	0.1013448642205683	0.2123993428796052
7	0.3505158796989252	0.128018430529893	0.4755804020174065	0.0458852877537754
8	0.3294369941104396	0.1583429124877572	0.2521731613916984	0.2600469320101047
9	0.2140663827220338	0.2764857154794103	0.2219523057402374	0.2874955960583186
10	0.3470279098143026	0.1681969381841931	0.332328867432373	0.1524462845691314
11	0.2907646245985487	0.238767415250879	0.2464031084271961	0.224064851723376
12	0.2550971725398318	0.2140192135826037	0.2803210361292357	0.2505625777483289
13	0.2204777958273177	0.2078852144142524	0.3180303660250537	0.2536066237333762
14	0.2134395551390849	0.2306603256414479	0.3390380823426767	0.2168620368767905
