Pos	A	C	G	T
1	0.21767681807368083	0.18754699767172625	0.36190436409417065	0.2328718201604222
2	0.029584367213003445	0.3747359222685561	0.2666371080559143	0.32904260246252615
3	0.09783828982295882	0.4150864316956737	0.35620339493850917	0.13087188354285836
4	0.2477455148314979	0.10313326870000201	0.5988020457023867	0.050319170766113405
5	0.02702170195833443	0.16864725685827595	0.07902327174800607	0.7253077694353836
6	0.024935324042277895	0.06221202601475398	0.8837072986781993	0.029145351264768873
7	0.16978650503000464	0.3671252203400488	0.28995688145961207	0.17313139317033446
8	0.17310672087973683	0.1643705839256116	0.5112479958651706	0.151274699329481
9	0.19347159931532562	0.2688682460289942	0.3314878210606936	0.20617233359498646
