Pos	A	C	G	T
1	0.2849315068493151	0.2430528375733855	0.2160469667318982	0.2559686888454012
2	0.4195988161788885	0.098322920092075	0.350213745478461	0.1318645182505755
3	0.13909559244419	0.1101888952489983	0.6388093875214653	0.1119061247853463
4	0.1360147374884863	0.0727663494012895	0.2968989867976666	0.4943199263125576
5	0.1009335916857495	0.0445657917914391	0.0429804474194117	0.8115201691033996
6	0.0424541221583128	0.0576554368666119	0.0267050123253903	0.8731854286496851
7	0.0365509761388286	0.9113882863340564	0.0260303687635575	0.0260303687635575
8	0.0429933732018749	0.0378212380798448	0.8377242605463068	0.0814611281719735
9	0.2438834951456311	0.1992233009708738	0.2454368932038835	0.3114563106796117
10	0.2791423001949317	0.2210526315789474	0.287719298245614	0.2120857699805068
11	0.2390453834115806	0.2910798122065728	0.2214397496087637	0.2484350547730829
12	0.2803118908382066	0.2019493177387914	0.2799220272904483	0.2378167641325536
