Pos	A	C	G	T
1	0.3524121848874826	0.20455093705038682	0.2605125041793935	0.18252437388273704
2	0.4480452977149468	0.1741304117439026	0.21685208974110368	0.16097220080004687
3	0.5145485988230407	0.15752465767063342	0.17481708807118182	0.15310965543514393
4	0.5660161422574002	0.14479040986898203	0.15214241045402158	0.13705103741959618
5	0.6028611391203408	0.13469992545805845	0.12619491962334506	0.13624401579825568
6	0.6162319644530895	0.12921359086607548	0.11324134842258232	0.14131309625825286
7	0.6002468143531929	0.1290269189384034	0.11093219340307943	0.15979407330532422
8	0.5494571065552103	0.14672078364830762	0.11274530244938191	0.19107680734710014
9	0.4828349285595858	0.17245430409711524	0.12772236987200183	0.2169883974712972
10	0.37612537579604227	0.21957568453029067	0.16068316647381628	0.24361577319985087
11	0.30757166644822925	0.24002933407089405	0.20406624489659522	0.2483327545842815
12	0.2876840320458741	0.23419851975754816	0.23012185666988413	0.24799559152669357
13	0.2763704111304664	0.2577842364659397	0.22160759327696078	0.24423775912663326
14	0.2707845801403258	0.26840675312149903	0.21113617942404883	0.2496724873141263
15	0.2895919977620499	0.27013906567561474	0.19703806191411138	0.2432308746482239
