Pos	A	C	G	T
1	0.08881940333430084	0.587015717651908	0.1871089958551198	0.13705588315867134
2	0.22545366516691884	0.2339859626058422	0.4812704628887633	0.05928990933847563
3	0.04401181821054915	0.47626827655292364	0.32624489732006856	0.15347500791645863
4	0.07134681011475959	0.2410524995813982	0.5816626437300799	0.10593804657376231
5	0.6093434261558722	0.1199452743888498	0.1755911547149945	0.0951201447402835
6	0.04174618417841329	0.8458488059245494	0.06582633093319508	0.04657867896384215
7	0.050196221982316595	0.055227467516348196	0.8530875664922264	0.04148874400910878
8	0.12961916102204368	0.33441617601024676	0.24798303515028094	0.2879816278174287
9	0.0622222903358796	0.5039144843024005	0.36354007262934696	0.07032315273237286
