Pos	A	C	G	T
1	0.666667	0.0	0.0	0.333333
2	0.166667	0.0	0.0	0.833333
3	0.0	0.0	0.055556	0.944444
4	0.055556	0.0	0.944444	0.0
5	0.142857	0.214286	0.0	0.642857
6	0.0	0.0	0.071429	0.928571
7	0.142857	0.571429	0.285714	0.0
8	0.0	0.071429	0.928571	0.0
9	1.0	0.0	0.0	0.0
10	0.071429	0.928571	0.0	0.0
11	0.0	0.0	1.0	0.0
12	0.0	0.0	1.0	0.0
13	0.0	0.071429	0.928571	0.0
14	0.428571	0.0	0.5	0.071429
15	0.0	0.714286	0.285714	0.0
16	0.071429	0.0	0.928571	0.0
17	0.0	0.0	0.785714	0.214286
18	0.571429	0.071429	0.214286	0.142857
19	0.0	0.857143	0.0	0.142857
