Pos	A	C	G	T
1	0.1761121240997353	0.301385387070143	0.2512233580247846	0.2712791308053371
2	0.1014164686132887	0.4490834941527473	0.2245557772310711	0.224944260002893
3	0.0710753651977206	0.47845517210432	0.1016576008322035	0.3488118618657558
4	0.6037945880833026	0.0758363484994566	0.0204954732951403	0.2998735901221005
5	0.050010521536877	0.0448215108886117	0.0224517275675683	0.882716240006943
6	0.027648824564387	0.0414507136448714	0.0461478849551051	0.8847525768356364
7	0.0746101047066343	0.0692872135235427	0.8160064430065481	0.0400962387632749
8	0.0556963727101168	0.0669605573439325	0.0261802230278532	0.8511628469180974
9	0.1508081670907454	0.2720757053102155	0.2006543276015803	0.3764617999974589
10	0.2031899086934079	0.3096579679806438	0.1674303030152601	0.3197218203106882
