Pos	A	C	G	T
1	0.111111	0.0	0.711111	0.177778
2	0.066667	0.0	0.866667	0.066667
3	0.4	0.111111	0.088889	0.4
4	0.044444	0.066667	0.044444	0.844444
5	0.688889	0.0	0.133333	0.177778
6	0.044444	0.022222	0.911111	0.022222
7	0.0	0.0	0.022222	0.977778
8	0.044444	0.022222	0.066667	0.866667
9	0.0	0.0	0.688889	0.311111
10	0.311111	0.022222	0.266667	0.4
11	0.0	0.0	1.0	0.0
12	0.022222	0.6	0.066667	0.311111
13	0.355556	0.066667	0.066667	0.511111
14	0.155556	0.0	0.755556	0.088889
15	0.044444	0.044444	0.755556	0.155556
