Pos	A	C	G	T
1	0.24004104919715835	0.29194123303018477	0.22942759997656828	0.23859011779608852
2	0.18213348910328578	0.19560308400616977	0.33458223909569706	0.2876811877948475
3	0.18497850935536453	0.17262393897743122	0.4618867427154494	0.180510808951755
4	0.2840953804836095	0.07248679360728257	0.5712405500176855	0.07217727589142234
5	0.15679619760152988	0.21777352797731325	0.2909035938117925	0.3345266806093644
6	0.02088440262136959	0.7299498098202313	0.12554969954146608	0.12361608801693304
7	0.0037485772847762775	0.00458386909567837	0.9875471409479838	0.004120412671561485
8	0.007971702403728968	0.004157051476258846	0.0030100760740806587	0.9848611700459314
9	0.004247437677416822	0.14885015365287937	0.8255882862578966	0.021314122411807225
10	0.1781514914180993	0.08978873388529511	0.6311237967600247	0.10093597793658082
11	0.07459682984975666	0.0983839694214355	0.7560250891019725	0.07099411162683524
12	0.15477437989171156	0.1917906699739483	0.5091400546883934	0.14429489544594679
13	0.15614804077481984	0.17233628536005943	0.27195254226790877	0.39956313159721196
14	0.20353154103861273	0.2701947982912999	0.2662756458085983	0.25999801486148916
15	0.2383550375026247	0.23331312132000495	0.29385857121056186	0.2344732699668085
