Pos	A	C	G	T
1	0.16940581542351	0.15423514538559	0.38432364096081	0.29203539823009
2	0.15572858731924	0.34260289210234	0.37374860956618	0.12791991101224
3	0.44481236203091	0.033112582781457	0.072847682119205	0.44922737306843
4	0.0	0.0033112582781457	0.0099337748344371	0.98675496688742
5	0.0	0.0	0.0	1.0
6	0.0	0.0088300220750552	0.0	0.99116997792494
7	0.0	0.0	0.0	1.0
8	0.0044150110375276	0.0	0.0	0.99558498896247
9	0.029801324503311	0.0099337748344371	0.0	0.96026490066225
10	0.12913907284768	0.31788079470199	0.059602649006623	0.49337748344371
11	0.21743929359823	0.15011037527594	0.21081677704194	0.42163355408389
12	0.20309050772627	0.20309050772627	0.27814569536424	0.31567328918322
13	0.20309050772627	0.20971302428256	0.26490066225166	0.32229580573951
14	0.15060908084164	0.19047619047619	0.32225913621262	0.33665559246955
15	0.13549832026876	0.24860022396417	0.27883538633819	0.33706606942889
