Pos	A	C	G	T
1	0.19512195121951	0.073170731707317	0.34146341463415	0.39024390243902
2	0.0	0.0	0.0	1.0
3	0.073170731707317	0.0	0.92682926829268	0.0
4	0.0	0.0	0.0	1.0
5	0.0	0.0	0.024390243902439	0.97560975609756
6	0.0	0.0	0.048780487804878	0.95121951219512
7	0.65853658536585	0.0	0.097560975609756	0.24390243902439
8	0.024390243902439	0.53658536585366	0.17073170731707	0.26829268292683
9	0.41463414634146	0.19512195121951	0.36585365853659	0.024390243902439
10	0.097560975609756	0.31707317073171	0.073170731707317	0.51219512195122
11	0.36585365853659	0.073170731707317	0.097560975609756	0.46341463414634
