Pos	A	C	G	T
1	0.11111111111111	0.0	0.0	0.88888888888889
2	0.18518518518519	0.0	0.81481481481481	0.0
3	0.0	0.0	0.0	1.0
4	0.0	0.0	0.0	1.0
5	0.0	0.0	0.037037037037037	0.96296296296296
6	0.48148148148148	0.0	0.51851851851852	0.0
7	0.14814814814815	0.48148148148148	0.074074074074074	0.2962962962963
8	0.22222222222222	0.25925925925926	0.11111111111111	0.40740740740741
9	0.0	0.40740740740741	0.074074074074074	0.51851851851852
10	0.85185185185185	0.0	0.037037037037037	0.11111111111111
11	0.55555555555556	0.14814814814815	0.14814814814815	0.14814814814815
