Pos	A	C	G	T
1	0.034208059981256	0.80693533270853	0.082005623242737	0.076850984067479
2	0.0018424689083372	0.00046061722708429	0.93781667434362	0.059880239520958
3	0.044670050761421	0.0084602368866328	0.0	0.94686971235195
4	0.0	0.8243654822335	0.0	0.1756345177665
5	0.91302876480541	0.086971235194585	0.0	0.0
6	0.0	0.97901861252115	0.0	0.020981387478849
7	0.020642978003384	0.0	0.97935702199662	0.0
8	0.0	0.59187817258883	0.40812182741117	0.0
9	0.079187817258883	0.31878172588832	0.03824027072758	0.56379018612521
