Pos	A	C	G	T
1	0.410959	0.091324	0.086758	0.410959
2	0.173516	0.187215	0.063927	0.575342
3	0.109589	0.018265	0.0	0.872146
4	0.031963	0.0	0.013699	0.954338
5	0.360731	0.022831	0.068493	0.547945
6	0.009132	0.990868	0.0	0.0
7	0.0	0.6621	0.0	0.3379
8	0.506849	0.068493	0.054795	0.369863
9	0.141553	0.027397	0.03653	0.794521
10	0.205479	0.0	0.0	0.794521
11	0.0	0.0	0.0	1.0
12	0.187215	0.031963	0.009132	0.771689
13	0.159817	0.031963	0.164384	0.643836
14	0.26484	0.0	0.73516	0.0
15	0.0	0.0	0.990868	0.009132
16	0.315068	0.114155	0.009132	0.561644
17	0.949772	0.009132	0.0	0.041096
18	0.716895	0.0	0.013699	0.269406
