Pos	A	C	G	T
1	0.027	0.015	0.955	0.003
2	0.943	0.003	0.051	0.003
3	0.027	0.027	0.943	0.003
4	0.301	0.61	0.086	0.003
5	0.836	0.015	0.134	0.015
6	0.050949050949051	0.514485514485514	0.252747252747253	0.181818181818182
7	0.086	0.503	0.146	0.265
8	0.443443443443443	0.158158158158158	0.193193193193193	0.205205205205205
9	0.443443443443443	0.122122122122122	0.217217217217217	0.217217217217217
10	0.432	0.098	0.384	0.086
11	0.074	0.003	0.896	0.027
12	0.015	0.003	0.979	0.003
13	0.014985014985015	0.050949050949051	0.919080919080919	0.014985014985015
14	0.182	0.003	0.753	0.062
15	0.11	0.003	0.872	0.015
16	0.432	0.086	0.455	0.027
17	0.693	0.051	0.146	0.11
