Pos	A	C	G	T
1	0.002997002997003	0.000999000999000999	0.995004995004995	0.000999000999000999
2	0.039	0.022	0.005	0.934
3	0.013	0.003	0.983	0.001
4	0.047952047952048	0.002997002997003	0.884115884115884	0.0649350649350649
5	0.13986013986014	0.017982017982018	0.811188811188811	0.030969030969031
6	0.987012987012987	0.004995004995005	0.002997002997003	0.004995004995005
7	0.925074925074925	0.015984015984016	0.0479520479520479	0.010989010989011
8	0.852147852147852	0.000999000999000999	0.141858141858142	0.004995004995005
9	0.093	0.18	0.521	0.206
10	0.022	0.771	0.11	0.097
11	0.069	0.799	0.018	0.114
12	0.021978021978022	0.107892107892108	0.01998001998002	0.85014985014985
