Pos	A	C	G	T
1	0.046	0.008	0.944	0.002
2	0.504495504495505	0.345654345654346	0.10989010989011	0.03996003996004
3	0.932	0.046	0.014	0.008
4	0.428	0.053	0.339	0.18
5	0.033	0.008	0.957	0.002
6	0.001998001998002	0.001998001998002	0.994005994005994	0.001998001998002
7	0.536463536463537	0.294705294705295	0.0779220779220779	0.0909090909090909
8	0.396	0.193	0.295	0.116
9	0.893	0.002	0.065	0.04
10	0.001998001998002	0.001998001998002	0.994005994005994	0.001998001998002
11	0.10989010989011	0.00799200799200799	0.88011988011988	0.001998001998002
12	0.001998001998002	0.001998001998002	0.994005994005994	0.001998001998002
13	0.008	0.301	0.67	0.021
14	0.097	0.785	0.072	0.046
