Pos	A	C	G	T
1	0.336	0.037	0.458	0.169
2	0.151	0.029	0.713	0.107
3	0.247752247752248	0.010989010989011	0.335664335664336	0.405594405594406
4	0.037	0.002	0.906	0.055
5	0.055	0.002	0.941	0.002
6	0.133866133866134	0.168831168831169	0.484515484515485	0.212787212787213
7	0.3003003003003	0.379379379379379	0.213213213213213	0.107107107107107
8	0.774	0.011	0.204	0.011
9	0.16	0.204	0.529	0.107
10	0.125	0.011	0.853	0.011
11	0.029	0.002	0.932	0.037
12	0.45	0.09	0.344	0.116
13	0.002002002002002	0.002002002002002	0.993993993993994	0.002002002002002
14	0.02	0.002	0.976	0.002
15	0.353	0.292	0.204	0.151
16	0.397	0.178	0.274	0.151
17	0.371	0.002	0.441	0.186
18	0.265265265265265	0.423423423423423	0.107107107107107	0.204204204204204
19	0.783	0.002	0.169	0.046
20	0.318	0.081	0.572	0.029
