Pos	A	C	G	T
1	0.137862137862138	0.013986013986014	0.831168831168831	0.016983016983017
2	0.118881118881119	0.000999000999000999	0.876123876123876	0.003996003996004
3	0.994	0.004	0.001	0.001
4	0.001	0.001	0.994	0.004
5	0.0869130869130869	0.220779220779221	0.691308691308691	0.000999000999000999
6	0.233	0.545	0.173	0.049
7	0.354354354354354	0.351351351351351	0.0640640640640641	0.23023023023023
8	0.135	0.676	0.093	0.096
9	0.224	0.208	0.182	0.386
10	0.121878121878122	0.000999000999000999	0.755244755244755	0.121878121878122
11	0.007	0.001	0.991	0.001
12	0.978021978021978	0.000999000999000999	0.01998001998002	0.000999000999000999
13	0.596	0.09	0.31	0.004
14	0.15015015015015	0.268268268268268	0.246246246246246	0.335335335335335
15	0.039	0.058	0.803	0.1
