Pos	A	C	G	T
1	0.135852	0.0104502	0.830386	0.0233119
2	0.110129	0.000803859	0.885048	0.00401929
3	0.994373	0.00401929	0.000803859	0.000803859
4	0.000803859	0.000803859	0.997588	0.000803859
5	0.0779743	0.222669	0.698553	0.000803859
6	0.235531	0.547428	0.171222	0.0458199
7	0.348071	0.367363	0.0586817	0.225884
8	0.135852	0.67926	0.0844051	0.100482
9	0.219453	0.203376	0.184084	0.393087
10	0.12299	0.000803859	0.759646	0.116559
11	0.00723473	0.000803859	0.991158	0.000803859
12	0.978296	0.000803859	0.0200965	0.000803859
13	0.60209	0.0876206	0.30627	0.00401929
14	0.142283	0.277331	0.248392	0.331994
15	0.0522508	0.0618971	0.795016	0.090836
