Pos	A	C	G	T
1	0.875	0.00543478	0.109783	0.00978261
2	0.101087	0.0445652	0.822826	0.0315217
3	0.075	0.0663043	0.0576087	0.801087
4	0.261957	0.0315217	0.627174	0.0793478
5	0.153261	0.00543478	0.792391	0.048913
6	0.0315217	0.0358696	0.0402174	0.892391
7	0.23587	0.00543478	0.757609	0.00108696
8	0.992391	0.00108696	0.00108696	0.00543478
9	0.00543478	0.427174	0.00108696	0.566304
10	0.661957	0.00978261	0.305435	0.0228261
11	0.983696	0.00108696	0.00978261	0.00543478
12	0.901087	0.0445652	0.0271739	0.0271739
13	0.0184783	0.131522	0.0184783	0.831522
14	0.0402174	0.0967391	0.0228261	0.840217
15	0.0402174	0.879348	0.0184783	0.0619565
