Pos	A	C	G	T
1	0.153846	0.076923	0.692308	0.076923
2	0.692308	0.230769	0.076923	0.0
3	0.384615	0.0	0.384615	0.230769
4	0.230769	0.384615	0.307692	0.076923
5	0.461538	0.076923	0.0	0.461538
6	0.230769	0.076923	0.692308	0.0
7	0.307692	0.0	0.615385	0.076923
8	0.0	0.076923	0.923077	0.0
9	1.0	0.0	0.0	0.0
10	0.0	0.0	1.0	0.0
11	0.0	0.230769	0.076923	0.692308
12	0.076923	0.076923	0.0	0.846154
13	1.0	0.0	0.0	0.0
14	0.923077	0.0	0.076923	0.0
15	0.846154	0.0	0.076923	0.076923
16	0.076923	0.307692	0.0	0.615385
17	0.153846	0.307692	0.076923	0.461538
18	0.307692	0.076923	0.076923	0.538462
19	0.230769	0.0	0.0	0.769231
20	0.0	0.0	0.153846	0.846154
21	0.153846	0.230769	0.230769	0.384615
22	0.076923	0.153846	0.153846	0.615385
23	0.384615	0.076923	0.0	0.538462
24	0.153846	0.0	0.615385	0.230769
25	0.307692	0.384615	0.153846	0.153846
26	0.846154	0.0	0.153846	0.0
27	0.769231	0.076923	0.076923	0.076923
28	0.076923	0.0	0.692308	0.230769
29	0.307692	0.461538	0.230769	0.0
