Pos	A	C	G	T
1	0.0343137	0.0203081	0.941877	0.0035014
2	0.490896	0.342437	0.121148	0.0455182
3	0.953081	0.0343137	0.00630252	0.00630252
4	0.490896	0.0567227	0.252801	0.19958
5	0.0511204	0.00630252	0.941877	0.00070028
6	0.00070028	0.00070028	0.995098	0.0035014
7	0.538515	0.308824	0.0651261	0.087535
8	0.404062	0.193978	0.261204	0.140756
9	0.891457	0.00070028	0.0847339	0.0231092
10	0.0035014	0.00070028	0.995098	0.00070028
11	0.0623249	0.00070028	0.936275	0.00070028
12	0.0259104	0.00070028	0.967087	0.00630252
13	0.0231092	0.331232	0.60014	0.0455182
14	0.129552	0.757003	0.0427171	0.0707283
15	0.390056	0.171569	0.306022	0.132353
16	0.104342	0.126751	0.656162	0.112745
17	0.227591	0.27521	0.390056	0.107143
18	0.348039	0.216387	0.32563	0.109944
