Pos	A	C	G	T
1	0.243984	0.345588	0.342914	0.0675134
2	0.201203	0.059492	0.391043	0.348262
3	0.000668449	0.000668449	0.997995	0.000668449
4	0.000668449	0.000668449	0.997995	0.000668449
5	0.997995	0.000668449	0.000668449	0.000668449
6	0.997995	0.000668449	0.000668449	0.000668449
7	0.115642	0.404412	0.471257	0.00868984
8	0.385695	0.177139	0.428476	0.00868984
9	0.000668449	0.000668449	0.997995	0.000668449
10	0.492647	0.372326	0.102273	0.032754
11	0.425802	0.238636	0.329545	0.00601604
12	0.233289	0.139706	0.495321	0.131684
