Pos	A	C	G	T
1	0.501033	0.174587	0.228306	0.0960744
2	0.414256	0.141529	0.335744	0.108471
3	0.356405	0.129132	0.323347	0.191116
4	0.447314	0.191116	0.232438	0.129132
5	0.501033	0.116736	0.27376	0.108471
6	0.191116	0.0547521	0.335744	0.418388
7	0.0423554	0.00516529	0.947314	0.00516529
8	0.00516529	0.00103306	0.992769	0.00103306
9	0.00103306	0.00103306	0.996901	0.00103306
10	0.0216942	0.00103306	0.97624	0.00103306
11	0.992769	0.00103306	0.00516529	0.00103306
12	0.0630165	0.877066	0.0588843	0.00103306
13	0.653926	0.195248	0.108471	0.0423554
14	0.0258264	0.0588843	0.174587	0.740702
15	0.0506198	0.0299587	0.877066	0.0423554
16	0.16219	0.591942	0.0630165	0.182851
17	0.443182	0.220041	0.215909	0.120868
18	0.253099	0.0423554	0.525826	0.178719
19	0.0960744	0.0340909	0.831612	0.0382231
20	0.071281	0.0754132	0.786157	0.0671488
21	0.257231	0.153926	0.31095	0.277893
