Pos	A	C	G	T
1	0.403207	0.109754	0.134601	0.352438
2	0.362377	0.0306514	0.556443	0.0505288
3	0.0888014	0.00513642	0.897032	0.0090305
4	0.0178939	0.00124234	0.979621	0.00124234
5	0.237475	0.137827	0.534415	0.0902836
6	0.094846	0.447931	0.151252	0.305971
7	0.215447	0.413146	0.0937707	0.277637
8	0.164417	0.558593	0.0178939	0.259096
9	0.235324	0.00124234	0.245263	0.51817
10	0.00621169	0.00124234	0.991304	0.00124234
11	0.983515	0.0101058	0.00513642	0.00124234
12	0.0920272	0.6753	0.106528	0.126144
13	0.200539	0.00621169	0.653679	0.13957
14	0.155553	0.151659	0.474783	0.218004
15	0.195977	0.205915	0.312683	0.285425
16	0.162266	0.111498	0.580621	0.145615
17	0.207252	0.435174	0.264472	0.0931025
18	0.503262	0.13957	0.157965	0.199202
