Pos	A	C	G	T
1	0.0	0.0	0.428571	0.571429
2	0.142857	0.0	0.714286	0.142857
3	0.142857	0.142857	0.714286	0.0
4	0.571429	0.285714	0.0	0.142857
5	0.142857	0.428571	0.0	0.428571
6	0.857143	0.0	0.142857	0.0
7	0.142857	0.0	0.428571	0.428571
8	0.142857	0.285714	0.142857	0.428571
9	0.571429	0.0	0.142857	0.285714
10	0.0	0.142857	0.857143	0.0
11	0.0	0.0	0.857143	0.142857
12	0.0	0.0	1.0	0.0
13	0.142857	0.428571	0.0	0.428571
14	0.142857	0.0	0.0	0.857143
15	0.0	0.0	1.0	0.0
16	0.0	0.0	1.0	0.0
17	0.0	0.142857	0.857143	0.0
18	0.0	0.0	0.0	1.0
19	1.0	0.0	0.0	0.0
20	0.0	0.0	0.0	1.0
21	1.0	0.0	0.0	0.0
22	0.857143	0.0	0.142857	0.0
23	0.714286	0.0	0.0	0.285714
24	1.0	0.0	0.0	0.0
25	0.285714	0.142857	0.428571	0.142857
26	0.0	0.0	0.428571	0.571429
27	0.285714	0.142857	0.428571	0.142857
28	0.285714	0.0	0.714286	0.0
