Pos	A	C	G	T
1	0.0	0.142857	0.857143	0.0
2	0.285714	0.0	0.285714	0.428571
3	0.0	0.0	0.857143	0.142857
4	0.571429	0.142857	0.285714	0.0
5	0.428571	0.0	0.428571	0.142857
6	0.285714	0.0	0.571429	0.142857
7	0.0	0.0	0.714286	0.285714
8	0.857143	0.0	0.0	0.142857
9	0.714286	0.285714	0.0	0.0
10	0.142857	0.571429	0.0	0.285714
11	0.0	1.0	0.0	0.0
12	0.142857	0.857143	0.0	0.0
13	0.142857	0.0	0.0	0.857143
14	0.0	0.0	0.428571	0.571429
15	0.0	0.0	0.714286	0.285714
16	0.428571	0.142857	0.285714	0.142857
17	0.0	0.285714	0.0	0.714286
18	0.142857	0.285714	0.142857	0.428571
19	0.0	0.285714	0.714286	0.0
20	0.0	0.0	0.0	1.0
21	0.142857	0.714286	0.0	0.142857
22	0.571429	0.0	0.285714	0.142857
23	0.571429	0.142857	0.285714	0.0
24	0.0	0.142857	0.857143	0.0
25	0.285714	0.0	0.714286	0.0
26	1.0	0.0	0.0	0.0
27	0.0	0.0	0.285714	0.714286
28	0.142857	0.0	0.0	0.857143
29	0.142857	0.0	0.142857	0.714286
