Pos	A	C	G	T
1	0.0534798	0.47162	0.438534	0.0363663
2	0.0192527	0.25	0.617656	0.113092
3	0.00213919	0.206931	0.788791	0.00213919
4	0.369509	0.463919	0.155876	0.010696
5	0.00213919	0.138477	0.848688	0.010696
6	0.00213919	0.00213919	0.993582	0.00213919
7	0.00213919	0.925414	0.0703079	0.00213919
8	0.104535	0.232316	0.293069	0.37008
9	0.0192527	0.104535	0.874073	0.00213919
10	0.292784	0.634484	0.0534798	0.0192527
11	0.0959782	0.0192527	0.88263	0.00213919
12	0.00213919	0.0278095	0.967912	0.00213919
13	0.00213919	0.88263	0.0192527	0.0959782
14	0.198945	0.00213919	0.634769	0.164147
15	0.00213919	0.233172	0.76255	0.00213919
