Pos	A	C	G	T
1	0.176471	0.117647	0.705882	0.0
2	0.058824	0.352941	0.588235	0.0
3	0.058824	0.0	0.764706	0.176471
4	0.176471	0.058824	0.294118	0.470588
5	0.0	0.058824	0.941176	0.0
6	0.058824	0.0	0.882353	0.058824
7	0.0	0.117647	0.882353	0.0
8	0.470588	0.176471	0.294118	0.058824
9	0.647059	0.0	0.176471	0.176471
10	0.0	0.058824	0.941176	0.0
11	0.058824	0.352941	0.470588	0.117647
12	0.058824	0.0	0.823529	0.117647
13	0.235294	0.0	0.764706	0.0
14	0.0	0.294118	0.705882	0.0
15	0.882353	0.0	0.117647	0.0
16	0.0	0.235294	0.470588	0.294118
17	0.176471	0.0	0.823529	0.0
18	0.647059	0.235294	0.0	0.117647
19	0.352941	0.117647	0.470588	0.058824
20	0.0	0.117647	0.823529	0.058824
21	0.352941	0.117647	0.352941	0.176471
22	0.294118	0.117647	0.588235	0.0
23	0.058824	0.470588	0.470588	0.0
24	0.176471	0.470588	0.352941	0.0
25	0.294118	0.176471	0.352941	0.176471
26	0.294118	0.176471	0.470588	0.058824
27	0.411765	0.117647	0.470588	0.0
