Pos	A	C	G	T
1	0.195975	0.361229	0.365466	0.0773305
2	0.106992	0.170551	0.382415	0.340042
3	0.128178	0.111229	0.628178	0.132415
4	0.14089	0.306144	0.467161	0.0858051
5	0.581568	0.0815678	0.318856	0.0180085
6	0.191737	0.539195	0.200212	0.0688559
7	0.157839	0.306144	0.242585	0.293432
8	0.488347	0.0942797	0.327331	0.0900424
9	0.23411	0.00105932	0.573093	0.191737
10	0.00105932	0.00105932	0.996822	0.00105932
11	0.162076	0.0095339	0.827331	0.00105932
12	0.996822	0.00105932	0.00105932	0.00105932
13	0.00529661	0.00105932	0.992585	0.00105932
14	0.0349576	0.00105932	0.962924	0.00105932
15	0.649364	0.153602	0.162076	0.0349576
16	0.0688559	0.458686	0.310381	0.162076
17	0.488347	0.170551	0.327331	0.0137712
18	0.166314	0.407839	0.195975	0.229873
19	0.331568	0.242585	0.323093	0.102754
20	0.331568	0.119703	0.467161	0.0815678
21	0.149364	0.225636	0.361229	0.263771
