Pos	A	C	G	T
1	0.4375	0.3125	0.25	0.0
2	0.0	0.0	0.3125	0.6875
3	0.0	0.0625	0.75	0.1875
4	0.0625	0.1875	0.3125	0.4375
5	0.375	0.25	0.25	0.125
6	0.3125	0.125	0.5625	0.0
7	0.0	0.0	0.4375	0.5625
8	0.0	0.0625	0.8125	0.125
9	0.0	0.125	0.4375	0.4375
10	0.3125	0.0	0.6875	0.0
11	0.125	0.0	0.375	0.5
12	0.0625	0.0	0.875	0.0625
13	0.25	0.5	0.125	0.125
14	0.0	0.0	0.5625	0.4375
15	0.0	0.125	0.6875	0.1875
16	0.0	0.4375	0.0625	0.5
17	0.0625	0.125	0.5625	0.25
18	0.0	0.1875	0.125	0.6875
19	0.3125	0.0	0.25	0.4375
20	0.4375	0.0	0.0625	0.5
21	0.0	0.125	0.625	0.25
22	0.0	0.0625	0.6875	0.25
23	0.125	0.25	0.5	0.125
24	0.3125	0.0	0.5	0.1875
25	0.0	0.0	0.875	0.125
26	0.25	0.0	0.25	0.5
27	0.375	0.4375	0.1875	0.0
28	0.0	0.0	0.3125	0.6875
29	0.0	0.0625	0.8125	0.125
