Pos	A	C	G	T
1	0.144301	0.346507	0.383272	0.125919
2	0.151654	0.328125	0.30239	0.217831
3	0.136949	0.261949	0.471507	0.129596
4	0.276654	0.206801	0.442096	0.0744485
5	0.313419	0.151654	0.460478	0.0744485
6	0.133272	0.0597426	0.721507	0.0854779
7	0.261949	0.10386	0.581801	0.0523897
8	0.111213	0.611213	0.151654	0.125919
9	0.0450368	0.390625	0.0854779	0.47886
10	0.162684	0.511949	0.298713	0.0266544
11	0.0560662	0.000919118	0.942096	0.000919118
12	0.673713	0.0891544	0.184743	0.0523897
13	0.0193015	0.409007	0.36489	0.206801
14	0.0266544	0.397978	0.0487132	0.526654
15	0.000919118	0.000919118	0.997243	0.000919118
16	0.0450368	0.0376838	0.776654	0.140625
17	0.00827206	0.000919118	0.982537	0.00827206
18	0.000919118	0.0340074	0.964154	0.000919118
19	0.453125	0.431066	0.00827206	0.107537
20	0.232537	0.140625	0.511949	0.11489
21	0.015625	0.0376838	0.868566	0.078125
22	0.136949	0.129596	0.670037	0.0634191
23	0.206801	0.151654	0.504596	0.136949
24	0.206801	0.170037	0.511949	0.111213
