Pos	A	C	G	T
1	0.0	0.384615	0.538462	0.076923
2	0.269231	0.076923	0.576923	0.076923
3	0.269231	0.538462	0.192308	0.0
4	0.807692	0.0	0.192308	0.0
5	0.0	0.076923	0.0	0.923077
6	0.0	0.0	0.0	1.0
7	0.0	0.923077	0.076923	0.0
8	0.0	1.0	0.0	0.0
9	0.192308	0.0	0.192308	0.615385
10	0.269231	0.038462	0.615385	0.076923
11	0.384615	0.269231	0.230769	0.115385
12	0.0	0.0	1.0	0.0
13	0.0	0.0	1.0	0.0
14	0.153846	0.038462	0.576923	0.230769
15	0.269231	0.153846	0.461538	0.115385
16	0.076923	0.0	0.884615	0.038462
17	0.0	0.0	1.0	0.0
18	0.076923	0.076923	0.769231	0.076923
19	0.038462	0.153846	0.730769	0.076923
20	0.192308	0.384615	0.384615	0.038462
21	0.192308	0.192308	0.461538	0.153846
22	0.115385	0.269231	0.538462	0.076923
23	0.076923	0.192308	0.730769	0.0
