Pos	A	C	G	T
1	0.0146396	0.00112613	0.983108	0.00112613
2	0.96509	0.00112613	0.0281532	0.00563063
3	0.00563063	0.0146396	0.974099	0.00563063
4	0.302928	0.627252	0.0281532	0.0416667
5	0.920045	0.0101351	0.0686937	0.00112613
6	0.00112613	0.559685	0.275901	0.163288
7	0.0641892	0.622748	0.109234	0.203829
8	0.451577	0.190315	0.100225	0.257883
9	0.528153	0.0822072	0.23536	0.154279
10	0.460586	0.0822072	0.352477	0.10473
11	0.127252	0.00112613	0.870495	0.00112613
12	0.0101351	0.0101351	0.978604	0.00112613
