Pos	A	C	G	T
1	0.162556	0.0639013	0.624439	0.149103
2	0.202915	0.0773543	0.619955	0.0997758
3	0.131166	0.207399	0.131166	0.530269
4	0.875561	0.0100897	0.0818386	0.0325112
5	0.0100897	0.00112108	0.987668	0.00112108
6	0.0280269	0.288117	0.664798	0.0190583
7	0.404709	0.471973	0.0683857	0.0549327
8	0.386771	0.238789	0.274664	0.0997758
9	0.261211	0.19843	0.445067	0.0952915
10	0.059417	0.00560538	0.906951	0.0280269
11	0.117713	0.0235426	0.669283	0.189462
12	0.0773543	0.00112108	0.911435	0.0100897
13	0.261211	0.557175	0.10426	0.0773543
14	0.0952915	0.171525	0.0639013	0.669283
15	0.835202	0.00112108	0.144619	0.0190583
16	0.014574	0.00560538	0.974215	0.00560538
17	0.485426	0.323991	0.108744	0.0818386
18	0.0818386	0.274664	0.16704	0.476457
