Pos	A	C	G	T
1	0.417883	0.162409	0.315693	0.104015
2	0.213504	0.0237226	0.731752	0.0310219
3	0.104015	0.0310219	0.819343	0.0456204
4	0.00912409	0.140511	0.833942	0.0164234
5	0.301095	0.344891	0.301095	0.0529197
6	0.133212	0.286496	0.45438	0.125912
7	0.169708	0.111314	0.571168	0.14781
8	0.169708	0.0967153	0.709854	0.0237226
9	0.0164234	0.0529197	0.921533	0.00912409
10	0.25	0.366788	0.111314	0.271898
11	0.0821168	0.00182482	0.914234	0.00182482
12	0.0675182	0.162409	0.739051	0.0310219
13	0.133212	0.169708	0.666058	0.0310219
14	0.00182482	0.00182482	0.994526	0.00182482
15	0.388686	0.257299	0.279197	0.0748175
16	0.00182482	0.461679	0.45438	0.0821168
17	0.0967153	0.213504	0.198905	0.490876
18	0.111314	0.0967153	0.768248	0.0237226
19	0.0383212	0.286496	0.571168	0.104015
20	0.0894161	0.0529197	0.855839	0.00182482
21	0.00182482	0.0675182	0.928832	0.00182482
