Pos	A	C	G	T
1	0.17674	0.0448718	0.326923	0.451465
2	0.65293	0.14011	0.14011	0.0668498
3	0.0265568	0.869048	0.0265568	0.0778388
4	0.198718	0.72619	0.0302198	0.0448718
5	0.722527	0.0228938	0.228022	0.0265568
6	0.0558608	0.00457875	0.850733	0.0888278
7	0.0961538	0.00457875	0.894689	0.00457875
8	0.986264	0.00457875	0.00824176	0.000915751
9	0.0521978	0.00824176	0.92033	0.0192308
10	0.0448718	0.202381	0.0705128	0.682234
11	0.17674	0.0412088	0.696886	0.0851648
12	0.0558608	0.00457875	0.934982	0.00457875
13	0.000915751	0.000915751	0.997253	0.000915751
14	0.0668498	0.00824176	0.923993	0.000915751
15	0.0778388	0.107143	0.0815018	0.733516
