Pos	A	C	G	T
1	0.0141667	0.110833	0.864167	0.0108333
2	0.000833333	0.00416667	0.994167	0.000833333
3	0.000833333	0.000833333	0.9975	0.000833333
4	0.220833	0.754167	0.000833333	0.0241667
5	0.184167	0.00416667	0.810833	0.000833333
6	0.000833333	0.000833333	0.9975	0.000833333
7	0.0441667	0.864167	0.0641667	0.0275
8	0.170833	0.0775	0.460833	0.290833
9	0.000833333	0.000833333	0.9975	0.000833333
10	0.0408333	0.850833	0.0741667	0.0341667
11	0.204167	0.254167	0.424167	0.1175
12	0.0341667	0.0875	0.800833	0.0775
13	0.124167	0.650833	0.120833	0.104167
14	0.0975	0.264167	0.4875	0.150833
15	0.0808333	0.1875	0.6675	0.0641667
