Pos	A	C	G	T
1	0.015625	0.0126488	0.962054	0.00967262
2	0.908482	0.015625	0.0691964	0.00669643
3	0.200149	0.063244	0.209077	0.52753
4	0.000744048	0.000744048	0.997768	0.000744048
5	0.81622	0.167411	0.015625	0.000744048
6	0.000744048	0.756696	0.000744048	0.241815
7	0.0334821	0.381696	0.00669643	0.578125
8	0.0186012	0.551339	0.0572917	0.372768
9	0.0394345	0.0126488	0.500744	0.447173
10	0.194196	0.0453869	0.712054	0.0483631
11	0.268601	0.015625	0.62872	0.0870536
12	0.00372024	0.000744048	0.991815	0.00372024
13	0.0334821	0.0186012	0.935268	0.0126488
14	0.604911	0.176339	0.218006	0.000744048
15	0.0662202	0.462054	0.0424107	0.429315
16	0.19122	0.268601	0.256696	0.283482
17	0.206101	0.325149	0.298363	0.170387
18	0.203125	0.280506	0.313244	0.203125
