Pos	A	C	G	T
1	0.0551948	0.00324675	0.912338	0.0292208
2	0.107143	0.00324675	0.886364	0.00324675
3	0.691558	0.0811688	0.198052	0.0292208
4	0.37987	0.185065	0.340909	0.0941558
5	0.561688	0.0162338	0.37987	0.0422078
6	0.0681818	0.237013	0.691558	0.00324675
7	0.327922	0.133117	0.237013	0.301948
8	0.198052	0.0162338	0.717532	0.0681818
9	0.0162338	0.0162338	0.951299	0.0162338
10	0.0162338	0.00324675	0.977273	0.00324675
11	0.938312	0.0551948	0.00324675	0.00324675
12	0.847403	0.00324675	0.12013	0.0292208
13	0.00324675	0.00324675	0.99026	0.00324675
14	0.0811688	0.0292208	0.86039	0.0292208
15	0.483766	0.211039	0.185065	0.12013
