Pos	A	C	G	T
1	0.271971	0.222747	0.288644	0.216638
2	0.247015	0.136101	0.362935	0.253949
3	0.139542	0.125701	0.581212	0.153546
4	0.341445	0.292773	0.233174	0.132608
5	0.21928	0.560411	0.0979656	0.122344
6	0.136763	0.663865	0.087565	0.111807
7	0.389845	0.389982	0.136101	0.0840718
8	0.61464	0.0882269	0.216528	0.0806049
9	0.0528962	0.215949	0.115274	0.615881
10	0.0911419	0.10834	0.706019	0.0944987
11	0.0286017	0.129304	0.139542	0.702553
12	0.0424693	0.0147342	0.0535581	0.889238
13	0.0251349	0.0528699	0.837235	0.08476
14	0.0528699	0.00086672	0.945397	0.00086672
15	0.00086672	0.00086672	0.9974	0.00086672
16	0.0424693	0.847636	0.0182011	0.0916938
17	0.0812931	0.0112674	0.871768	0.0356718
18	0.0604919	0.781765	0.0979393	0.0598037
19	0.227038	0.555594	0.0390024	0.178366
20	0.697872	0.143009	0.0951606	0.0639587
21	0.220656	0.299018	0.309582	0.170744
22	0.229681	0.39265	0.210392	0.167277
23	0.160343	0.136899	0.104873	0.597884
24	0.139542	0.120117	0.517458	0.222883
