Pos	A	C	G	T
1	0.140766	0.221847	0.478604	0.158784
2	0.0957207	0.203829	0.699324	0.00112613
3	0.365991	0.0641892	0.564189	0.00563063
4	0.113739	0.0777027	0.807432	0.00112613
5	0.230856	0.109234	0.654279	0.00563063
6	0.00112613	0.996622	0.00112613	0.00112613
7	0.00112613	0.00112613	0.996622	0.00112613
8	0.00112613	0.00112613	0.996622	0.00112613
9	0.78491	0.00112613	0.212838	0.00112613
10	0.00112613	0.00112613	0.996622	0.00112613
11	0.00112613	0.510135	0.0146396	0.474099
12	0.0641892	0.483108	0.185811	0.266892
