Pos	A	C	G	T
1	0.00478723	0.285638	0.0111702	0.698404
2	0.00265957	0.972872	0.00478723	0.0196809
3	0.0132979	0.321809	0.000531915	0.664362
4	0.304787	0.00265957	0.664362	0.0281915
5	0.0579787	0.00265957	0.930319	0.00904255
6	0.0196809	0.000531915	0.964362	0.0154255
7	0.0132979	0.00265957	0.983511	0.000531915
8	0.0430851	0.396277	0.0345745	0.526064
9	0.0154255	0.0898936	0.00265957	0.892021
10	0.000531915	0.000531915	0.000531915	0.998404
11	0.000531915	0.000531915	0.000531915	0.998404
12	0.000531915	0.00478723	0.000531915	0.994149
