Pos	A	C	G	T
1	0.464062	0.176563	0.307813	0.0515625
2	0.207812	0.107813	0.620312	0.0640625
3	0.0515625	0.707812	0.114063	0.126563
4	0.676562	0.0703125	0.0140625	0.239063
5	0.0015625	0.0015625	0.995313	0.0015625
6	0.0015625	0.0015625	0.995313	0.0015625
7	0.0078125	0.0015625	0.989062	0.0015625
8	0.995313	0.0015625	0.0015625	0.0015625
9	0.0078125	0.0015625	0.989062	0.0015625
10	0.0265625	0.839063	0.0890625	0.0453125
11	0.570312	0.176563	0.139063	0.114062
12	0.245312	0.157812	0.464062	0.132812
13	0.301563	0.307812	0.276563	0.114062
14	0.289062	0.232813	0.414062	0.0640625
15	0.0953125	0.320313	0.476562	0.107812
