Pos	A	C	G	T
1	0.1875	0.117733	0.0247093	0.670058
2	0.0363372	0.100291	0.210756	0.652616
3	0.0421512	0.239826	0.21657	0.501453
4	0.431686	0.222384	0.0886628	0.257267
5	0.815407	0.0537791	0.0828488	0.0479651
6	0.49564	0.059593	0.152616	0.292151
7	0.170058	0.390988	0.251453	0.1875
8	0.507267	0.0421512	0.414244	0.0363372
9	0.309593	0.0944767	0.536337	0.059593
10	0.838663	0.00145349	0.111919	0.0479651
11	0.373547	0.00145349	0.425872	0.199128
12	0.170058	0.00145349	0.827035	0.00145349
13	0.135174	0.00145349	0.838663	0.0247093
14	0.62936	0.0363372	0.164244	0.170058
15	0.914244	0.0188953	0.059593	0.00726744
16	0.00726744	0.00145349	0.00145349	0.989826
17	0.00145349	0.0188953	0.170058	0.809593
18	0.0130814	0.0770349	0.40843	0.501453
19	0.763081	0.111919	0.117733	0.00726744
20	0.774709	0.0886628	0.0247093	0.111919
21	0.059593	0.0537791	0.0130814	0.873547
