Pos	A	C	G	T
1	0.220339	0.474576	0.254237	0.050847
2	0.271186	0.254237	0.288136	0.186441
3	0.322034	0.288136	0.220339	0.169492
4	0.40678	0.20339	0.288136	0.101695
5	0.20339	0.254237	0.389831	0.152542
6	0.288136	0.271186	0.20339	0.237288
7	0.254237	0.389831	0.152542	0.20339
8	0.237288	0.169492	0.152542	0.440678
9	0.050847	0.084746	0.813559	0.050847
10	0.237288	0.0	0.152542	0.610169
11	0.016949	0.0	0.932203	0.050847
12	0.016949	0.220339	0.762712	0.0
13	0.0	1.0	0.0	0.0
14	0.084746	0.661017	0.0	0.254237
15	0.0	0.0	0.152542	0.847458
16	0.050847	0.101695	0.033898	0.813559
17	0.881356	0.0	0.033898	0.084746
18	0.644068	0.101695	0.118644	0.135593
19	0.372881	0.0	0.627119	0.0
20	0.966102	0.0	0.016949	0.016949
21	0.016949	0.0	0.966102	0.016949
22	0.0	1.0	0.0	0.0
23	0.016949	0.101695	0.0	0.881356
24	0.0	0.983051	0.0	0.016949
25	0.711864	0.288136	0.0	0.0
26	0.118644	0.338983	0.305085	0.237288
27	0.067797	0.847458	0.0	0.084746
