Pos	A	C	G	T
1	0.00065445	0.00065445	0.992801	0.00589005
2	0.152487	0.0477749	0.134162	0.665576
3	0.0346859	0.00065445	0.903796	0.0608639
4	0.0189791	0.0163613	0.901178	0.0634817
5	0.00589005	0.990183	0.00065445	0.00327225
6	0.00850785	0.00065445	0.00065445	0.990183
7	0.00589005	0.00065445	0.992801	0.00065445
8	0.00850785	0.00065445	0.990183	0.00065445
9	0.987565	0.00327225	0.00065445	0.00850785
10	0.647251	0.0451571	0.265052	0.0425393
11	0.602749	0.212696	0.176047	0.00850785
12	0.296466	0.231021	0.390707	0.0818063
