Pos	A	C	G	T
1	0.0699153	0.739407	0.188559	0.00211864
2	0.451271	0.256356	0.273305	0.0190678
3	0.442797	0.163136	0.349576	0.0444915
4	0.17161	0.112288	0.637712	0.0783898
5	0.349576	0.0614407	0.493644	0.095339
6	0.103814	0.315678	0.273305	0.307203
7	0.103814	0.620763	0.230932	0.0444915
8	0.451271	0.205508	0.298729	0.0444915
9	0.366525	0.28178	0.315678	0.0360169
10	0.197034	0.0105932	0.722458	0.0699153
11	0.0105932	0.120763	0.866525	0.00211864
12	0.095339	0.290254	0.154661	0.459746
13	0.129237	0.00211864	0.78178	0.0868644
14	0.00211864	0.28178	0.510593	0.205508
15	0.00211864	0.832627	0.0105932	0.154661
16	0.264831	0.112288	0.290254	0.332627
17	0.00211864	0.00211864	0.993644	0.00211864
18	0.0105932	0.807203	0.154661	0.0275424
19	0.764831	0.0783898	0.0783898	0.0783898
20	0.00211864	0.00211864	0.993644	0.00211864
21	0.0699153	0.163136	0.747881	0.0190678
