Pos	A	C	G	T
1	0.192997	0.121336	0.61645	0.0692182
2	0.235342	0.179967	0.495928	0.0887622
3	0.0822476	0.0724756	0.694625	0.150651
4	0.00407166	0.000814332	0.9943	0.000814332
5	0.124593	0.000814332	0.873779	0.000814332
6	0.00407166	0.000814332	0.991042	0.00407166
7	0.460098	0.535016	0.000814332	0.00407166
8	0.352606	0.000814332	0.645765	0.000814332
9	0.854235	0.000814332	0.144137	0.000814332
10	0.000814332	0.000814332	0.997557	0.000814332
11	0.890065	0.0822476	0.0105863	0.017101
12	0.499186	0.124593	0.307003	0.0692182
13	0.036645	0.544788	0.170195	0.248371
14	0.114821	0.60342	0.170195	0.111564
15	0.0920195	0.32329	0.261401	0.32329
