Pos	A	C	G	T
1	0.348529	0.225	0.207353	0.219118
2	0.348529	0.136765	0.466176	0.0485294
3	0.283824	0.189706	0.189706	0.336765
4	0.419118	0.0544118	0.489706	0.0367647
5	0.142647	0.00147059	0.854412	0.00147059
6	0.0426471	0.0191176	0.936765	0.00147059
7	0.148529	0.0485294	0.00147059	0.801471
8	0.166176	0.00147059	0.830882	0.00147059
9	0.989706	0.00147059	0.00147059	0.00735294
10	0.0367647	0.00147059	0.960294	0.00147059
11	0.0367647	0.625	0.125	0.213235
12	0.330882	0.0485294	0.595588	0.025
13	0.0485294	0.448529	0.0308824	0.472059
14	0.130882	0.0602941	0.730882	0.0779412
15	0.560294	0.0838235	0.266176	0.0897059
