Pos	A	C	G	T
1	0.21144	0.612468	0.167738	0.00835476
2	0.0854756	0.525064	0.25	0.13946
3	0.607326	0.06491	0.293702	0.0340617
4	0.252571	0.32455	0.147172	0.275707
5	0.0109254	0.00835476	0.977506	0.00321337
6	0.000642674	0.000642674	0.998072	0.000642674
7	0.170308	0.741003	0.000642674	0.0880463
8	0.0366324	0.000642674	0.951799	0.0109254
9	0.0289203	0.000642674	0.969794	0.000642674
10	0.0134961	0.810411	0.0134961	0.162596
11	0.0160668	0.0109254	0.969794	0.00321337
12	0.000642674	0.0571979	0.931234	0.0109254
13	0.0392031	0.812982	0.00578406	0.142031
14	0.152314	0.247429	0.352828	0.247429
15	0.106041	0.239717	0.512211	0.142031
