Pos	A	C	G	T
1	0.394599	0.115854	0.272648	0.216899
2	0.474739	0.0670732	0.401568	0.0566202
3	0.237805	0.00087108	0.582753	0.178571
4	0.00087108	0.00087108	0.997387	0.00087108
5	0.997387	0.00087108	0.00087108	0.00087108
6	0.788328	0.00087108	0.192509	0.0182927
7	0.0949477	0.0496516	0.223868	0.631533
8	0.00087108	0.00087108	0.997387	0.00087108
9	0.373693	0.00087108	0.189024	0.436411
10	0.00783972	0.00087108	0.990418	0.00087108
11	0.182056	0.115854	0.237805	0.464286
12	0.265679	0.119338	0.328397	0.286585
