Pos	A	C	G	T
1	0.345588	0.272059	0.338235	0.044118
2	0.323529	0.044118	0.632353	0.0
3	0.033088	0.0	0.9375	0.029412
4	0.018382	0.0	0.970588	0.011029
5	0.0	0.974265	0.0	0.025735
6	0.0	0.0	0.0	1.0
7	0.588235	0.029412	0.382353	0.0
8	0.025735	0.172794	0.783088	0.018382
9	0.698529	0.202206	0.099265	0.0
10	0.606618	0.099265	0.055147	0.238971
11	0.102941	0.0	0.886029	0.011029
12	0.183824	0.470588	0.128676	0.216912
13	0.077206	0.628676	0.036765	0.257353
14	0.202206	0.194853	0.216912	0.386029
15	0.246324	0.238971	0.400735	0.113971
