Pos	A	C	G	T
1	0.25	0.125	0.5625	0.0625
2	0.71875	0.0	0.28125	0.0
3	0.21875	0.125	0.5625	0.09375
4	0.65625	0.0	0.28125	0.0625
5	0.1875	0.125	0.6875	0.0
6	0.09375	0.21875	0.5625	0.125
7	0.34375	0.125	0.375	0.15625
8	0.625	0.21875	0.0	0.15625
9	0.25	0.15625	0.21875	0.375
10	0.03125	0.0	0.8125	0.15625
11	0.21875	0.0	0.78125	0.0
12	0.46875	0.0	0.53125	0.0
13	0.125	0.1875	0.6875	0.0
14	0.40625	0.15625	0.375	0.0625
15	0.375	0.21875	0.40625	0.0
16	0.1875	0.15625	0.625	0.03125
17	0.15625	0.0625	0.78125	0.0
18	0.25	0.21875	0.4375	0.09375
19	0.40625	0.0625	0.53125	0.0
20	0.59375	0.0	0.34375	0.0625
21	0.25	0.0625	0.6875	0.0
22	0.09375	0.21875	0.65625	0.03125
23	0.21875	0.21875	0.5	0.0625
24	0.46875	0.0	0.46875	0.0625
25	0.25	0.0625	0.6875	0.0
26	0.59375	0.0	0.40625	0.0
27	0.125	0.0	0.78125	0.09375
28	0.46875	0.15625	0.375	0.0
29	0.6875	0.0625	0.15625	0.09375
30	0.6875	0.0	0.3125	0.0
