Pos	A	C	G	T
1	0.464286	0.0	0.0	0.535714
2	0.25	0.0	0.678571	0.071429
3	0.0	0.321429	0.285714	0.392857
4	1.0	0.0	0.0	0.0
5	0.571429	0.071429	0.107143	0.25
6	0.464286	0.0	0.214286	0.321429
7	0.392857	0.0	0.0	0.607143
8	0.285714	0.285714	0.285714	0.142857
9	0.107143	0.107143	0.0	0.785714
10	0.178571	0.178571	0.071429	0.571429
11	0.0	0.214286	0.107143	0.678571
12	0.178571	0.178571	0.071429	0.571429
13	0.25	0.25	0.0	0.5
14	0.321429	0.0	0.0	0.678571
15	0.142857	0.0	0.107143	0.75
16	0.642857	0.035714	0.0	0.321429
17	0.214286	0.178571	0.321429	0.285714
18	0.714286	0.035714	0.0	0.25
19	0.321429	0.0	0.035714	0.642857
20	0.214286	0.071429	0.25	0.464286
21	0.607143	0.071429	0.178571	0.142857
22	0.535714	0.035714	0.0	0.428571
23	0.571429	0.0	0.0	0.428571
24	0.714286	0.0	0.071429	0.214286
25	0.821429	0.0	0.071429	0.107143
26	0.821429	0.0	0.035714	0.142857
27	0.642857	0.0	0.0	0.357143
28	0.25	0.0	0.25	0.5
29	0.178571	0.0	0.464286	0.357143
30	0.0	0.321429	0.142857	0.535714
