Pos	A	C	G	T
1	0.266593	0.275442	0.271018	0.186947
2	0.231195	0.231195	0.31969	0.21792
3	0.235619	0.111726	0.363938	0.288717
4	0.0940265	0.111726	0.72677	0.0674779
5	0.257743	0.0320796	0.638274	0.0719027
6	0.111726	0.0940265	0.439159	0.355088
7	0.147124	0.142699	0.284292	0.425885
8	0.045354	0.00553097	0.890487	0.0586283
9	0.0409292	0.496681	0.231195	0.231195
10	0.509956	0.434735	0.0143805	0.0409292
11	0.589602	0.0719027	0.191372	0.147124
12	0.00110619	0.0232301	0.952434	0.0232301
13	0.271018	0.461283	0.0719027	0.195796
14	0.518805	0.00110619	0.478982	0.00110619
15	0.850664	0.00995575	0.138274	0.00110619
16	0.0763274	0.740044	0.182522	0.00110619
17	0.748894	0.0940265	0.111726	0.045354
18	0.0409292	0.0232301	0.899336	0.0365044
19	0.558628	0.262168	0.147124	0.0320796
20	0.52323	0.0896018	0.350664	0.0365044
21	0.598451	0.0586283	0.279867	0.0630531
