Pos	A	C	G	T
1	0.230263	0.195175	0.379386	0.195175
2	0.335526	0.0460526	0.370614	0.247807
3	0.142544	0.0986842	0.572368	0.186404
4	0.282895	0.212719	0.335526	0.16886
5	0.370614	0.0899123	0.326754	0.212719
6	0.256579	0.0811404	0.475877	0.186404
7	0.300439	0.160088	0.449561	0.0899123
8	0.230263	0.125	0.405702	0.239035
9	0.16886	0.133772	0.379386	0.317982
10	0.186404	0.0372807	0.695175	0.0811404
11	0.142544	0.0372807	0.765351	0.0548246
12	0.195175	0.0723684	0.712719	0.0197368
13	0.458333	0.107456	0.309211	0.125
14	0.440789	0.0372807	0.414474	0.107456
15	0.265351	0.00219298	0.528509	0.203947
16	0.0460526	0.00219298	0.940789	0.0109649
17	0.151316	0.00219298	0.835526	0.0109649
18	0.151316	0.00219298	0.844298	0.00219298
19	0.765351	0.0285088	0.151316	0.0548246
20	0.300439	0.00219298	0.695175	0.00219298
21	0.791667	0.00219298	0.177632	0.0285088
22	0.0986842	0.00219298	0.879386	0.0197368
23	0.221491	0.125	0.203947	0.449561
24	0.177632	0.0285088	0.756579	0.0372807
25	0.247807	0.651316	0.0635965	0.0372807
26	0.85307	0.00219298	0.0899123	0.0548246
27	0.230263	0.0548246	0.660088	0.0548246
