Pos	A	C	G	T
1	0.214539	0.0159574	0.25	0.519504
2	0.00886525	0.00886525	0.95922	0.0230496
3	0.00177305	0.00177305	0.994681	0.00177305
4	0.00177305	0.00177305	0.00177305	0.994681
5	0.00177305	0.00177305	0.994681	0.00177305
6	0.00886525	0.037234	0.228723	0.725177
7	0.00177305	0.994681	0.00177305	0.00177305
8	0.859929	0.00177305	0.136525	0.00177305
9	0.0585106	0.164894	0.60461	0.171986
10	0.455674	0.136525	0.306738	0.101064
11	0.569149	0.0514184	0.214539	0.164894
12	0.136525	0.12234	0.66844	0.072695
