Pos	A	C	G	T
1	0.281111	0.0144444	0.507778	0.196667
2	0.0811111	0.00111111	0.881111	0.0366667
3	0.0722222	0.0277778	0.898889	0.00111111
4	0.0677778	0.0544444	0.601111	0.276667
5	0.245556	0.254444	0.312222	0.187778
6	0.227778	0.338889	0.236667	0.196667
7	0.347778	0.0188889	0.312222	0.321111
8	0.214444	0.107778	0.192222	0.485556
9	0.974444	0.0233333	0.00111111	0.00111111
10	0.196667	0.00111111	0.801111	0.00111111
11	0.614444	0.0677778	0.294444	0.0233333
12	0.276667	0.285556	0.356667	0.0811111
13	0.498889	0.183333	0.316667	0.00111111
14	0.183333	0.778889	0.00111111	0.0366667
15	0.0677778	0.85	0.0766667	0.00555556
16	0.578889	0.383333	0.0144444	0.0233333
17	0.343333	0.134444	0.152222	0.37
18	0.503333	0.0944444	0.312222	0.09
19	0.276667	0.196667	0.445556	0.0811111
20	0.276667	0.112222	0.298889	0.312222
21	0.205556	0.285556	0.383333	0.125556
