Pos	A	C	G	T
1	0.119159	0.103583	0.679907	0.097352
2	0.0319315	0.804517	0.0755452	0.0880062
3	0.779595	0.134735	0.0350467	0.0506231
4	0.820093	0.0568536	0.0755452	0.0475078
5	0.0693146	0.433801	0.0132399	0.483645
6	0.686137	0.156542	0.0412773	0.116044
7	0.150312	0.767134	0.0288162	0.0537383
8	0.0475078	0.355919	0.0537383	0.542835
9	0.0506231	0.140966	0.097352	0.711059
10	0.13162	0.084891	0.745327	0.038162
11	0.000778816	0.355919	0.0257009	0.617601
12	0.00700935	0.0630841	0.0163551	0.913551
13	0.0475078	0.0443925	0.848131	0.0599688
14	0.00389408	0.234424	0.0163551	0.745327
15	0.0288162	0.704829	0.00700935	0.259346
16	0.0661994	0.162773	0.0225857	0.748442
17	0.103583	0.611371	0.0475078	0.237539
18	0.60514	0.125389	0.187695	0.0817757
19	0.134735	0.0537383	0.739097	0.0724299
20	0.0755452	0.0475078	0.221963	0.654984
21	0.109813	0.0225857	0.72352	0.144081
22	0.530374	0.0319315	0.243769	0.193925
23	0.187695	0.0475078	0.0163551	0.748442
24	0.097352	0.0132399	0.00389408	0.885514
25	0.0506231	0.00389408	0.661215	0.284268
26	0.0319315	0.0101246	0.826324	0.13162
27	0.0288162	0.636293	0.268692	0.0661994
