Pos	A	C	G	T
1	0.753	0.081	0.069	0.097
2	0.630478	0.0368526	0.295817	0.0368526
3	0.901394	0.0209163	0.0288845	0.0488048
4	0.688008	0.0416667	0.216463	0.0538618
5	0.150415	0.536307	0.030083	0.283195
6	0.0390295	0.064346	0.0348101	0.861814
7	0.0633333	0.187778	0.61	0.138889
8	0.804087	0.0637019	0.0733173	0.0588942
9	0.0427461	0.809585	0.0375648	0.110104
10	0.482044	0.294199	0.0290055	0.194751
11	0.205966	0.546875	0.0639205	0.183239
12	0.373547	0.420058	0.0537791	0.152616
13	0.60503	0.0724852	0.0902367	0.232249
14	0.177273	0.00757576	0.75303	0.0621212
15	0.876563	0.0140625	0.0390625	0.0703125
16	0.355183	0.0381098	0.422256	0.184451
17	0.137346	0.00154321	0.853395	0.00771605
18	0.976994	0.00766871	0.00153374	0.0138037
19	0.722727	0.019697	0.195455	0.0621212
20	0.734848	0.00757576	0.219697	0.0378788
21	0.121257	0.157186	0.115269	0.606287
22	0.527778	0.0716374	0.188596	0.211988
23	0.172059	0.0132353	0.807353	0.00735294
24	0.971893	0.00147929	0.0192308	0.00739645
25	0.440058	0.100877	0.323099	0.135965
26	0.568713	0.182749	0.0716374	0.176901
27	0.277299	0.145115	0.219828	0.357759
28	0.199153	0.515537	0.103107	0.182203
29	0.314865	0.406757	0.0716216	0.206757
30	0.141927	0.105469	0.0950521	0.657552
31	0.408565	0.0844907	0.329861	0.177083
32	0.617457	0.134698	0.121767	0.126078
33	0.613265	0.0663265	0.217347	0.103061
34	0.138359	0.130725	0.134542	0.596374
35	0.753584	0.0367384	0.119176	0.0905018
36	0.181408	0.0442238	0.708484	0.0658845
37	0.218421	0.253509	0.0745614	0.453509
38	0.100862	0.718103	0.0422414	0.138793
39	0.184256	0.5891	0.0320069	0.194637
40	0.142734	0.0873702	0.0804498	0.689446
41	0.606514	0.0748239	0.180458	0.138204
42	0.209364	0.149293	0.103357	0.537986
