Pos	A	C	G	T
1	0.204	0.228	0.482	0.08600000000000002
2	0.212	0.378	0.392	0.018000000000000006
3	0.186	0.35200000000000004	0.13800000000000004	0.32400000000000007
4	0.0	0.004	0.994	0.002
5	0.0	0.004	0.994	0.002
6	0.744	0.025999999999999995	0.106	0.124
7	0.038000000000000006	0.004	0.9380000000000001	0.019999999999999997
8	0.356	0.288	0.348	0.008
9	0.13200000000000003	0.228	0.366	0.2740000000000001
10	0.08800000000000001	0.678	0.132	0.10200000000000001
11	0.354	0.268	0.348	0.029999999999999992
12	0.318	0.006	0.596	0.08
13	0.008	0.0	0.986	0.006000000000000001
14	0.023999999999999997	0.08	0.6880000000000001	0.20799999999999996
15	0.08800000000000001	0.336	0.14600000000000002	0.42999999999999994
