Pos	A	C	G	T
1	0.1610501036954458	0.3335234010930631	0.3874173263406287	0.1180091688708626
2	0.1217451426864995	0.0988021080870653	0.6512995520071619	0.1281531972192733
3	0.5958951801938944	0.1821670965592579	0.1183307375072468	0.1036069857396007
4	0.1725744680352808	0.125638219323245	0.5591420540248379	0.1426452586166365
5	0.1140877073019932	0.3134501447364511	0.1495831522855166	0.4228789956760391
6	0.1566314223180478	0.5333041552411378	0.1163937879406349	0.1936706345001795
7	0.1161905983479739	0.5920063266466092	0.1413825747850795	0.1504205002203374
8	0.069670064833874	0.6314566686636272	0.1969243781620023	0.1019488883404963
9	0.3714709476975884	0.2243288828691248	0.2506738140086007	0.1535263554246861
10	0.1645342349938101	0.1718366525372882	0.4307473241393776	0.2328817883295241
11	0.5147311717651245	0.1197178054226753	0.1936812147650397	0.1718698080471603
12	0.6078475050055225	0.1897933529514001	0.0699339835894511	0.1324251584536264
13	0.1380650104081045	0.2415357021545673	0.4684283130974515	0.1519709743398768
14	0.2291185186727245	0.102315675854857	0.5500181598029141	0.1185476456695044
15	0.3463736288540322	0.2678317322603926	0.2023723651320394	0.1834222737535359
16	0.1791127635446256	0.0923934298967291	0.5613524164943378	0.1671413900643079
17	0.3168371904202155	0.2953388747972113	0.1336357931155433	0.2541881416670299
18	0.3106271619678612	0.3020270166505467	0.2517833642641085	0.1355624571174835
19	0.1193911147630763	0.1396034910640678	0.541804386892605	0.1992010072802509
20	0.6387178394818991	0.1161090433358482	0.1265297374706973	0.1186433797115552
