Pos	A	C	G	T
1	0.536983220180851	0.2827005154497585	0.1005176529425979	0.0797986114267926
2	0.3276921115814217	0.1973242677489426	0.4257530221082275	0.0492305985614081
3	0.0835520125729299	0.2145350531836527	0.054387274074934	0.6475256601684835
4	0.7013319731464039	0.1214217033506552	0.1112108282529703	0.0660354952499706
5	0.0612993382819629	0.3035509900103235	0.381122773620481	0.2540268980872326
6	0.1248101102809249	0.2069913848540638	0.1303195410136119	0.5378789638513994
7	0.6317876705081178	0.2025138197740094	0.1234187263557584	0.0422797833621143
8	0.0352593321552514	0.4330322002789312	0.1938506961957555	0.3378577713700618
9	0.260631443660041	0.0864983810076995	0.4355481751665041	0.2173220001657555
10	0.1013059089780176	0.6350920819766929	0.168344859004411	0.0952571500408785
11	0.3807957357256843	0.1175483792283086	0.4088860806472261	0.0927698043987809
12	0.4289947360797058	0.1555253102610009	0.3508968538171081	0.0645830998421848
13	0.0749930488610713	0.7336699608387495	0.0681869917442467	0.1231499985559326
14	0.1955658262453603	0.2164905247723622	0.3826883134671356	0.2052553355151421
15	0.2648330733956209	0.124294399616447	0.5469825807694126	0.0638899462185194
16	0.1083353254683375	0.2953756371283047	0.2631696143019435	0.3331194231014142
17	0.2390633940032884	0.154955527786342	0.4098707867644186	0.196110291445951
18	0.1169145709174071	0.3537881830058011	0.1256279159814783	0.4036693300953135
19	0.3369802753776737	0.3028323154137242	0.2449782561476735	0.1152091530609286
20	0.3526213380895604	0.2939458397472056	0.2748226931837887	0.0786101289794454
