Pos	A	C	G	T
1	0.0481216372702594	0.198166496638906	0.7096715040339655	0.0440403620568689
2	0.042592865657163	0.0427756143731629	0.8741533799784564	0.0404781399912175
3	0.0702594487052649	0.187545345919057	0.0506264244692385	0.6915687809064395
4	0.7955957149505646	0.0902715020309143	0.0504790157142485	0.0636537673042724
5	0.1091635547113379	0.4332865456936761	0.0753212044013589	0.3822286951936271
6	0.323331483309202	0.0742526447510016	0.557602701639392	0.0448131703004043
7	0.0788225131918792	0.3942102006428057	0.1207332043584919	0.4062340818068233
8	0.1900186771282777	0.5637764165607075	0.1368431436397776	0.1093617626712371
9	0.2023177151172308	0.3370344554847212	0.1421140981067749	0.3185337312912732
10	0.461170977917985	0.1485994852661478	0.1820550933783085	0.2081744434375586
11	0.1694997538593509	0.3076174594602569	0.1621474941017034	0.3607352925786888
12	0.2588149027922831	0.1324304999026344	0.3490362723919262	0.2597183249131563
13	0.3060874133923421	0.3369540131850268	0.128896196440002	0.228062376982629
14	0.3449895895700341	0.2880699079224693	0.2267912052073918	0.1401492973001048
15	0.2207281933894599	0.3250796995585205	0.2657990835551829	0.1883930234968364
16	0.1791933165516059	0.2778705783350613	0.2966863325886694	0.2462497725246632
17	0.2326302763262951	0.1821194626444277	0.4238093185450663	0.1614409424842107
18	0.218612615327881	0.1953354497052545	0.3861580029207406	0.1998939320461239
19	0.3828973124781531	0.2038639453913729	0.2504068336488353	0.1628319084816388
20	0.2726058783492115	0.2277436476790698	0.2794854429368181	0.2201650310349005
