Pos	A	C	G	T
1	0.22247247247247248	0.38063063063063063	0.13438438438438435	0.26251251251251245
2	0.10135135135135134	0.5878378378378378	0.09134134134134134	0.2194694694694695
3	0.038288288288288286	0.2354854854854855	0.08433433433433433	0.6418918918918919
4	0.4507007007007007	0.37762762762762764	0.08233233233233232	0.08933933933933932
5	0.9471971971971972	0.006256256256256256	0.02927927927927928	0.017267267267267263
6	0.016266266266266267	0.044294294294294295	0.29954954954954954	0.6398898898898899
7	0.01226226226226226	0.9221721721721722	0.01226226226226226	0.053303303303303295
8	0.9381881881881882	0.023273273273273273	0.01926926926926927	0.01926926926926927
9	0.008258258258258256	0.006256256256256256	0.9832332332332332	0.0022522522522522522
10	0.0613113113113113	0.026276276276276277	0.4947447447447447	0.41766766766766766
11	0.0503003003003003	0.09034034034034033	0.18043043043043044	0.6789289289289289
12	0.04204204204204204	0.01201201201201201	0.91991991991992	0.026026026026026026
13	0.6896896896896897	0.2542542542542543	0.04104104104104104	0.015015015015015015
14	0.4844844844844845	0.1421421421421421	0.14614614614614613	0.22722722722722724
15	0.05705705705705705	0.05405405405405405	0.8308308308308309	0.058058058058058054
16	0.11811811811811813	0.14014014014014015	0.6546546546546547	0.0870870870870871
