Pos	A	C	G	T
1	0.03424072	0.0068512	0.93164062	0.02740479
2	0.63378906	0.34936523	0.0034256	0.01370239
3	0.0001	1.0	0.0001	0.0001
4	0.15759277	0.0001	0.10961914	0.73291016
5	0.0001	0.0001	1.0	0.0001
6	0.0001	0.0001	1.0	0.0001
7	0.04110718	0.02740479	0.91796875	0.01370239
8	0.0001	1.0	0.0001	0.0001
9	0.99316406	0.0034256	0.0001	0.0034256
10	0.95214844	0.0001	0.04794312	0.0001
11	0.0034256	0.77392578	0.02397156	0.1986084
12	0.82177734	0.01027679	0.16784668	0.0001
13	0.01027679	0.13012695	0.03424072	0.82519531
14	0.99658203	0.0001	0.0001	0.0034256
15	0.0001	0.0001	0.99658203	0.0034256
16	0.01027679	0.55126953	0.0001	0.43847656
17	0.58886719	0.0034256	0.4074707	0.0001
18	0.98632812	0.0034256	0.01027679	0.0001
19	0.0001	0.0001	1.0	0.0001
20	0.98974609	0.0001	0.0068512	0.0034256
21	0.0001	0.88378906	0.0001	0.11645508
22	0.0034256	0.99316406	0.0001	0.0034256
23	0.0001	1.0	0.0001	0.0001
24	0.0034256	0.81494141	0.01027679	0.17126465
25	0.70214844	0.07879639	0.13354492	0.08563232
26	0.16101074	0.0993042	0.05480957	0.68505859
