Pos	A	C	G	T
1	0.1060011337276963	0.721782129579136	0.0771697057341346	0.095047030959033
2	0.1342300556529218	0.1232273357158653	0.657995547646332	0.0845470609848808
3	0.2458043360345093	0.4333081341543055	0.1502396127756672	0.170647917035518
4	0.2669688724339658	0.3721910934506904	0.1242464981638806	0.2365935359514632
5	0.1260326378744676	0.3337786607858577	0.3559820480852773	0.1842066532543977
6	0.2630911524505889	0.2992609126991365	0.2620067427313773	0.1756411921188973
7	0.2011948307959105	0.1141884977181168	0.4881994935338918	0.1964171779520808
8	0.0638626756087554	0.7428678905718715	0.1034255836431404	0.0898438501762326
9	0.0777004046300215	0.1023416164591072	0.7216450321757144	0.0983129467351569
10	0.0856575093949414	0.7757014839009349	0.072601423022614	0.0660395836815098
11	0.103027277767376	0.0700596912900257	0.709415431442105	0.1174975995004933
12	0.0608615405818307	0.7810960846123265	0.0795988197127294	0.0784435550931133
13	0.0876704096785324	0.1758797056985451	0.6758755208463375	0.060574363776585
14	0.1276636479557057	0.3238349357118814	0.3854650998291329	0.16303631650328
15	0.1462168251897035	0.1650944573823827	0.5298089335714905	0.1588797838564229
16	0.2720826957793592	0.2020371879168037	0.2791051860386044	0.2467749302652327
17	0.25301663605514	0.2867943196081886	0.3231567437073322	0.1370323006293393
18	0.2073210669649554	0.4365799232312175	0.2113889182188081	0.1447100915850189
19	0.0960878138605924	0.163865320879066	0.6264093505684188	0.1136375146919226
20	0.1550952930276664	0.3977154675636788	0.2682192109903593	0.1789700284182956
