Pos	A	C	G	T
1	0.015267	0.010178	0.46056	0.513995
2	0.48855	0.012723	0.463104	0.035623
3	0.447837	0.363868	0.061069	0.127226
4	0.061069	0.427481	0.470738	0.040712
5	0.02799	0.030534	0.0	0.941476
6	0.063613	0.933842	0.0	0.002545
7	0.979644	0.005089	0.010178	0.005089
8	0.0152669847330153	0.305343694656305	0.190839809160191	0.488549511450489
9	0.119593	0.549618	0.167939	0.16285
10	0.19084	0.371501	0.292621	0.145038
11	0.132315867684132	0.427480572519427	0.216284783715216	0.223918776081224
12	0.246819246819247	0.231552231552232	0.221374221374221	0.3002543002543
13	0.203561796438204	0.348600651399349	0.142493857506143	0.305343694656305
14	0.483460516539483	0.0941479058520941	0.152671847328153	0.26971973028027
15	0.282443	0.05598	0.577608	0.083969
16	0.127226	0.175573	0.631043	0.066158
17	0.498728	0.231552	0.117048	0.152672
18	0.715013	0.117048	0.096692	0.071247
19	0.124681875318125	0.109414890585109	0.0941479058520941	0.671755328244672
20	0.0712469287530712	0.190839809160191	0.536895463104537	0.201017798982201
