Pos	A	C	G	T
1	0.3044541911166432	0.236453188252323	0.2821468254243306	0.1769457952067033
2	0.2600066383918764	0.2890594834429462	0.3209206127337401	0.1300132654314373
3	0.1938771531769302	0.1175972900033593	0.4900122232778601	0.1985133335418506
4	0.3663880008129903	0.2186320887360428	0.2219701053644559	0.1930098050865111
5	0.0890639557895002	0.1171114025244285	0.6365920020496009	0.1572326396364704
6	0.3821445591614583	0.2240831736575081	0.2993768477486908	0.094395419432343
7	0.0997307145938636	0.1711627103436826	0.6023315788620467	0.1267749962004072
8	0.2055464411560028	0.179484490384772	0.4827727975259575	0.1321962709332677
9	0.2084705336599395	0.0829847081867252	0.4754848417202303	0.2330599164331049
10	0.3278034714808226	0.2588385039356271	0.2253718157860828	0.1879862087974675
11	0.0716277673446732	0.0954872247104141	0.7019047801387069	0.130980227806206
12	0.6485330211710325	0.1788682222313321	0.075620240719843	0.0969785158777924
13	0.0765974437368144	0.1768390735303292	0.6580690773432107	0.0884944053896458
14	0.0416366076432582	0.1550521498701048	0.7129996671489996	0.0903115753376372
15	0.0937898325128619	0.0733901062892501	0.7459819460842388	0.0868381151136491
16	0.5317199024469084	0.2196182603445399	0.1206028284063745	0.1280590088021771
17	0.121661281877444	0.3763469643984219	0.1744428128416245	0.3275489408825095
18	0.2953265953411406	0.1909744104073785	0.3214143122182523	0.1922846820332286
19	0.1782407422985921	0.3241062894206557	0.2819823313319266	0.2156706369488258
20	0.1996798313459055	0.2781691435895645	0.2877341809017401	0.23441684416279
