Pos	A	C	G	T
1	0.0968922357971909	0.2061092476033	0.5641884764312077	0.1328100401683011
2	0.0845439848667869	0.1080525361735356	0.7376563872230049	0.0697470917366727
3	0.0786454303154495	0.227702078624222	0.3002042781036116	0.3934482129567169
4	0.2012656888571886	0.2266318190386349	0.0978204777671971	0.4742820143369793
5	0.1534395058912613	0.1416609849892571	0.4571177053401297	0.2477818037793519
6	0.125416191627879	0.3032887023700499	0.1714802529933036	0.3998148530087674
7	0.251165935692637	0.5500409884514332	0.0731128835986421	0.1256801922572877
8	0.1220134827300326	0.2771017097662177	0.5404932692587827	0.0603915382449668
9	0.1569455765538222	0.0465496151277774	0.721567727254335	0.0749370810640653
10	0.6280927820896158	0.1546090580391503	0.114475598322264	0.1028225615489696
11	0.0963150549267559	0.699381753002263	0.0618200621958855	0.1424831298750956
12	0.0596590374136535	0.1599189384119344	0.3814887418988064	0.3989332822756058
13	0.1193703041045343	0.0601627657047674	0.7445391258447114	0.075927804345987
14	0.2596045488747891	0.377947922623284	0.0712643953968287	0.2911831331050983
15	0.1568984286996258	0.208102775101195	0.2381524838274902	0.396846312371689
16	0.1131058746106809	0.2284753131519023	0.4970203955530421	0.1613984166843748
17	0.0833943706289008	0.4321334562968608	0.1148414444483156	0.3696307286259225
18	0.2084260672504402	0.2438325944315806	0.3006537490589546	0.2470875892590247
19	0.1878942569419125	0.3502803374849609	0.0906931517884533	0.3711322537846733
20	0.1716144973589488	0.4037812947481081	0.2013295692258774	0.2232746386670655
