Pos	A	C	G	T
1	0.246373489397021	0.3160183685969529	0.2202580253039045	0.2173501167021217
2	0.353385785563011	0.2177169577790216	0.2856749304728511	0.1432223261851165
3	0.1732598773994627	0.2876822214221696	0.2399913277210663	0.2990665734573015
4	0.2614875050915632	0.2270896920506435	0.3524482116107781	0.1589745912470152
5	0.2155620587831555	0.3860460750752092	0.214122278954455	0.1842695871871803
6	0.2314074491956747	0.2091340545793952	0.4498744537039933	0.109584042520937
7	0.3788694450433113	0.080207995557671	0.4668515795575137	0.0740709798415039
8	0.0861244635373879	0.0458901338440223	0.3049395175859176	0.5630458850326723
9	0.1020113886057963	0.2541383158802822	0.0691592294437757	0.5746910660701459
10	0.3353365485959298	0.3311189417441245	0.2344517792288413	0.0990927304311045
11	0.0448923014803401	0.1336494958097932	0.7850650724414275	0.036393130268439
12	0.0696154727107794	0.6100900703143048	0.1377714543449371	0.1825230026299786
13	0.0465342877377105	0.0541855669801587	0.8546696977400744	0.0446104475420564
14	0.0956892078556987	0.5882372585265347	0.06506722058917	0.2510063130285965
15	0.099415291203884	0.6809112239369624	0.1496761906746054	0.0699972941845483
16	0.0301413082221723	0.659003733567716	0.2050946991839588	0.105760259026153
17	0.1151239464764642	0.2210415849376321	0.3289725798037331	0.3348618887821706
18	0.2132154448909429	0.3231266894446928	0.1789252841931214	0.2847325814712429
19	0.2904765715756289	0.1553352651617501	0.2515336408680077	0.3026545223946133
20	0.1657067623087655	0.3518115623127693	0.2007757847928928	0.2817058905855723
