Pos	A	C	G	T
1	0.1463231467775341	0.2027932733581302	0.3422726872030731	0.3086108926612625
2	0.6460343612146204	0.0814180293775944	0.1758653144888919	0.0966822949188932
3	0.0359851803493092	0.8981169621323518	0.0346176308142375	0.0312802267041017
4	0.0487600278177224	0.0576117471896621	0.3340755376914604	0.5595526873011551
5	0.6141284802221244	0.2449363341661367	0.0715686782961616	0.0693665073155772
6	0.2752066010426457	0.0996984131736871	0.4347379124254449	0.1903570733582225
7	0.2902005388925992	0.3546070458583159	0.2539458198244968	0.1012465954245881
8	0.1586671664224867	0.1893687005915752	0.5206679963913751	0.1312961365945629
9	0.0901249901415034	0.3700245171502035	0.1927828988805511	0.347067593827742
10	0.1243178657090997	0.0403733033076545	0.7776560127541364	0.0576528182291094
11	0.1667080006520727	0.2426610727161354	0.1774564763794378	0.4131744502523544
12	0.2168653130480989	0.1313472844991282	0.4467915840998741	0.2049958183528988
13	0.5135139601048686	0.1423365735656003	0.2683385114492345	0.0758109548802967
14	0.3588492154860682	0.192653022314923	0.2595805264532967	0.1889172357457121
15	0.1110907084073889	0.3883715881701602	0.1822532838892949	0.3182844195331561
16	0.1127096645768102	0.0740545639255314	0.7085836814638701	0.1046520900337883
17	0.3605896124836682	0.1192842572007616	0.351860979724591	0.1682651505909793
18	0.0983976811712834	0.5185959156397891	0.1481997687664647	0.2348066344224628
19	0.0846318732927991	0.2465760456759985	0.2368456935982796	0.4319463874329227
20	0.2462228655854525	0.2138420833371707	0.3550648847838141	0.184870166293563
