Pos	A	C	G	T
1	0.3063204492956713	0.2067143138542703	0.3327659436788847	0.1541992931711738
2	0.2511190148740239	0.1874011051808473	0.3838576736488665	0.1776222062962623
3	0.1262711953353352	0.3541178655017342	0.1138292396205803	0.4057816995423501
4	0.4463717592702345	0.1462137599616078	0.2893948783833112	0.1180196023848463
5	0.1823367572518624	0.126089026142968	0.4925485883853542	0.1990256282198153
6	0.4622368198095182	0.1187834667192627	0.2228692495828813	0.1961104638883377
7	0.3796282022466122	0.1744719581436942	0.3073781044498549	0.1385217351598388
8	0.2753698081922638	0.1480031292181951	0.3830284248058949	0.1935986377836462
9	0.1815426278078491	0.2770521260736987	0.2081474058261746	0.3332578402922777
10	0.1543884639057977	0.3614806377976206	0.2287550991350508	0.2553757991615309
11	0.139438720896867	0.3924172128869007	0.1540571652552436	0.3140869009609886
12	0.2038805894016401	0.1957679529964357	0.3062679597065265	0.2940834978953977
13	0.1574233074158866	0.3735919439848938	0.2478105665167855	0.2211741820824341
14	0.2396088931744333	0.338893247387764	0.1296545779933341	0.2918432814444686
15	0.2686097813459654	0.1629376443908913	0.3830924170522373	0.1853601572109057
16	0.1424143076625568	0.358750033727412	0.2107085778306409	0.2881270807793903
17	0.250007977134852	0.1509915580969586	0.383349021822973	0.2156514429452164
18	0.3184169252535195	0.1360381658569559	0.3415935700906645	0.20395133879886
19	0.2596823907479717	0.1698180558831472	0.4366589188563214	0.1338406345125597
20	0.2979041796310941	0.1357009434309476	0.4065989993923417	0.1597958775456167
21	0.2257287625676372	0.2373899586100005	0.326385583166583	0.2104956956557792
