Pos	A	C	G	T
1	0.14160156	0.31860352	0.19470215	0.34521484
2	0.11505127	0.2388916	0.07080078	0.57519531
3	0.0001	0.53076172	0.46020508	0.0088501
4	0.0001	0.95556641	0.0088501	0.03540039
5	0.44238281	0.07965088	0.40698242	0.07080078
6	0.23010254	0.13269043	0.61962891	0.0177002
7	0.22119141	0.36279297	0.36279297	0.05310059
8	0.19470215	0.2565918	0.43359375	0.11505127
9	0.15930176	0.0088501	0.83203125	0.0001
10	0.61962891	0.14160156	0.21240234	0.02655029
11	0.96484375	0.0001	0.03540039	0.0001
12	0.4777832	0.07965088	0.44238281	0.0001
13	0.63720703	0.02655029	0.32739258	0.0088501
14	0.61962891	0.07080078	0.17700195	0.13269043
15	0.02655029	0.48681641	0.20349121	0.28320312
16	0.0001	0.52197266	0.46899414	0.0088501
17	0.0001	0.96484375	0.0088501	0.02655029
18	0.14160156	0.19470215	0.33618164	0.32739258
19	0.11505127	0.05310059	0.81396484	0.0177002
20	0.30078125	0.10620117	0.48681641	0.10620117
21	0.30981445	0.26538086	0.34521484	0.07965088
22	0.05310059	0.0001	0.94677734	0.0001
23	0.43359375	0.22119141	0.31860352	0.02655029
24	0.92041016	0.0001	0.0177002	0.06195068
25	0.2388916	0.21240234	0.37158203	0.17700195
26	0.3894043	0.08850098	0.35400391	0.16809082
