Pos	A	C	G	T
1	0.3753753753753754	0.1301301301301301	0.2832832832832833	0.21121121121121122
2	0.16716716716716715	0.03503503503503503	0.7187187187187187	0.07907907907907907
3	0.06606606606606605	0.045045045045045036	0.8778778778778779	0.01101101101101101
4	0.050050050050050046	0.07407407407407406	0.3883883883883884	0.4874874874874875
5	0.29329329329329323	0.3633633633633634	0.10110110110110108	0.24224224224224225
6	0.1061061061061061	0.11511511511511512	0.5255255255255254	0.25325325325325326
7	0.9419419419419419	0.04804804804804804	0.005005005005005004	0.005005005005005004
8	0.009009009009009007	0.965965965965966	0.009009009009009007	0.016016016016016016
9	0.025025025025025027	0.9369369369369369	0.024024024024024024	0.014014014014014012
10	0.973973973973974	0.004004004004004004	0.003003003003003003	0.01901901901901902
11	0.003003003003003003	0.001001001001001001	0.982982982982983	0.013013013013013011
12	0.3593593593593593	0.3503503503503503	0.1881881881881882	0.10210210210210209
13	0.48448448448448456	0.06606606606606606	0.1021021021021021	0.34734734734734735
14	0.08608608608608607	0.07007007007007006	0.8208208208208209	0.023023023023023025
15	0.09509509509509508	0.47647647647647645	0.2182182182182182	0.21021021021021022
16	0.14614614614614616	0.5615615615615616	0.029029029029029034	0.26326326326326327
17	0.058058058058058054	0.4354354354354355	0.17517517517517517	0.3313313313313313
18	0.15015015015015015	0.4204204204204205	0.29529529529529525	0.1341341341341341
