Pos	A	C	G	T
1	0.400579	0.215251	0.18565	0.19852
2	0.429627	0.0902956	0.330656	0.149422
3	0.226493	0.146442	0.461563	0.165502
4	0.263608	0.450949	0.0863924	0.199051
5	0.971093	0.00412961	0.020648	0.00412961
6	0.942848	0.00670498	0.0105364	0.0399106
7	0.0528169	0.919654	0.0272087	0.000320102
8	0.995136	0.00162127	0.000324254	0.00291829
9	0.000324254	0.000324254	0.996433	0.00291829
10	0.853979	0.110719	0.0144416	0.0208601
11	0.991357	0.00416133	0.00416133	0.000320102
12	0.682595	0.0344937	0.0724684	0.210443
13	0.144243	0.39831	0.215582	0.241865
14	0.0618081	0.916667	0.00522755	0.0162977
15	0.0842457	0.447993	0.024635	0.443127
16	0.520254	0.224002	0.120012	0.135732
17	0.435085	0.255133	0.162138	0.147645
18	0.293072	0.165361	0.24488	0.296687
19	0.466566	0.178614	0.188253	0.166566
20	0.279287	0.177838	0.12349	0.419384
21	0.244235	0.256371	0.272148	0.227245
22	0.705542	0.126979	0.105055	0.0624239
23	0.400307	0.267791	0.170859	0.161043
24	0.227357	0.300558	0.170285	0.301799
25	0.2967	0.253113	0.214508	0.235679
26	0.33532	0.218632	0.180991	0.265056
27	0.32943	0.200316	0.247152	0.223101
28	0.264949	0.201336	0.326018	0.207697
29	0.282372	0.260577	0.242628	0.214423
30	0.319444	0.190245	0.182494	0.307817
