Pos	A	C	G	T
1	0.1237586799661889	0.2204195255095667	0.1433557348617866	0.5124660596624577
2	0.1323167956947677	0.1225095422810769	0.5652971687986892	0.179876493225466
3	0.1299775626048076	0.6265009085111136	0.0866487754010365	0.1568727534830424
4	0.0983042568394697	0.5356958215963428	0.2197283038095538	0.1462716177546337
5	0.142769402413308	0.1943308845260817	0.2205245729882835	0.4423751400723273
6	0.2294890653435617	0.1907401273325761	0.4739181362794949	0.1058526710443676
7	0.1326743399456651	0.1715389344618718	0.5979468572600768	0.0978398683323862
8	0.3225845239521394	0.1048972194747628	0.4199099536635398	0.152608302909558
9	0.2256215715860921	0.1376168112445341	0.1205530035981922	0.5162086135711814
10	0.1308509574522052	0.4700815910189184	0.123601686749692	0.2754657647791843
11	0.1060572682275073	0.1205765901345171	0.226748408334828	0.5466177333031476
12	0.5554854317616907	0.1635830788457235	0.127836242202386	0.1530952471901998
13	0.123765828815902	0.4303332417355777	0.1442323763018446	0.3016685531466756
14	0.0778225210573176	0.1923006798891279	0.2071940180078867	0.5226827810456678
15	0.2193918541871455	0.202811120658283	0.464834882670161	0.1129621424844105
16	0.196157895931664	0.1030538552249932	0.5425457701866317	0.1582424786567111
17	0.1487994261277899	0.2050646296988488	0.1007343725628486	0.5454015716105127
18	0.1949333087103799	0.540613093218732	0.0813048840997085	0.1831487139711795
19	0.392925296442142	0.1521715528033364	0.3887638708277645	0.0661392799267569
20	0.2155877125980012	0.1656480722755346	0.5143152627574598	0.1044489523690043
