Pos	A	C	G	T
1	0.04580152671755725	0.010178117048346057	0.9007633587786259	0.043256997455470736
2	0.9491094147582697	0.002544529262086514	0.01272264631043257	0.035623409669211195
3	0.017811704834605598	0.007633587786259542	0.9694656488549618	0.005089058524173028
4	0.9440203562340967	0.015267175572519083	0.03307888040712468	0.007633587786259542
5	0.01272264631043257	0.6259541984732825	0.05343511450381679	0.30788804071246817
6	0.45038167938931295	0.02544529262086514	0.5012722646310432	0.022900763358778626
7	0.05089058524173028	0.03816793893129771	0.8905852417302799	0.020356234096692113
8	0.7709923664122137	0.022900763358778626	0.183206106870229	0.022900763358778626
9	0.061068702290076333	0.027989821882951654	0.8905852417302799	0.020356234096692113
10	0.002544529262086514	0.04071246819338423	0.010178117048346057	0.9465648854961832
11	0.002544529262086514	0.7913486005089059	0.03307888040712468	0.17302798982188294
12	0.015267175572519083	0.03307888040712468	0.010178117048346057	0.9414758269720102
13	0.010178117048346057	0.628498727735369	0.04580152671755725	0.3155216284987277
14	0.37659033078880405	0.05089058524173028	0.5012722646310432	0.07124681933842239
15	0.017811704834605598	0.8600508905852418	0.04071246819338423	0.08142493638676845
