Pos	A	C	G	T
1	0.6987179487179487	0.0	0.29273504273504275	0.008547008547008548
2	0.5128205128205128	0.014957264957264958	0.4658119658119658	0.00641025641025641
3	0.8504273504273504	0.008547008547008548	0.14102564102564102	0.0
4	0.3418803418803419	0.0	0.6538461538461539	0.004273504273504274
5	0.6645299145299145	0.010683760683760684	0.3247863247863248	0.0
6	0.4893162393162393	0.00641025641025641	0.5042735042735043	0.0
7	0.9316239316239316	0.0	0.05982905982905983	0.008547008547008548
8	0.3547008547008547	0.017094017094017096	0.6282051282051282	0.0
9	0.6410256410256411	0.0	0.3482905982905983	0.010683760683760684
10	0.5384615384615384	0.014957264957264958	0.4465811965811966	0.0
11	0.8910256410256411	0.0	0.10042735042735043	0.008547008547008548
12	0.25854700854700857	0.014957264957264958	0.7115384615384616	0.014957264957264958
13	0.6111111111111112	0.008547008547008548	0.36538461538461536	0.014957264957264958
14	0.6773504273504274	0.01282051282051282	0.3076923076923077	0.002136752136752137
15	0.905982905982906	0.019230769230769232	0.06623931623931624	0.008547008547008548
16	0.11965811965811966	0.014957264957264958	0.8461538461538461	0.019230769230769232
17	0.6239316239316239	0.008547008547008548	0.34615384615384615	0.021367521367521368
18	0.7158119658119658	0.03418803418803419	0.23931623931623933	0.010683760683760684
19	0.9102564102564102	0.0	0.08974358974358974	0.0
20	0.1794871794871795	0.0	0.8205128205128205	0.0
21	0.5982905982905983	0.00641025641025641	0.3888888888888889	0.00641025641025641
22	0.6944444444444444	0.02564102564102564	0.2777777777777778	0.002136752136752137
23	0.9102564102564102	0.00641025641025641	0.0641025641025641	0.019230769230769232
24	0.25854700854700857	0.004273504273504274	0.7094017094017094	0.027777777777777776
25	0.42094017094017094	0.008547008547008548	0.5705128205128205	0.0
26	0.7564102564102564	0.010683760683760684	0.2329059829059829	0.0
