Pos	A	C	G	T
1	0.7719298245614035	0.07017543859649122	0.017543859649122806	0.14035087719298245
2	0.5964912280701754	0.017543859649122806	0.3157894736842105	0.07017543859649122
3	0.03508771929824561	0.017543859649122806	0.03508771929824561	0.9122807017543859
4	0.07017543859649122	0.2982456140350877	0.017543859649122806	0.6140350877192983
5	0.43859649122807015	0.17543859649122806	0.14035087719298245	0.24561403508771928
6	0.08771929824561403	0.03508771929824561	0.8771929824561403	0.0
7	0.0	0.9473684210526315	0.0	0.05263157894736842
8	0.017543859649122806	0.43859649122807015	0.03508771929824561	0.5087719298245614
9	0.14035087719298245	0.017543859649122806	0.8421052631578947	0.0
10	0.24561403508771928	0.017543859649122806	0.6842105263157895	0.05263157894736842
11	0.03508771929824561	0.0	0.9473684210526315	0.017543859649122806
12	0.15789473684210525	0.43859649122807015	0.03508771929824561	0.3684210526315789
13	0.3333333333333333	0.17543859649122806	0.49122807017543857	0.0
14	0.0	0.10526315789473684	0.0	0.8947368421052632
15	0.03508771929824561	0.0	0.9649122807017544	0.0
16	0.38596491228070173	0.0	0.6140350877192983	0.0
17	0.0	0.0	0.22807017543859648	0.7719298245614035
18	0.0	0.0	0.7894736842105263	0.21052631578947367
19	0.0	0.0	1.0	0.0
20	0.0	0.7719298245614035	0.0	0.22807017543859648
