Pos	A	C	G	T
1	0.0187350187350187	0.0444960444960445	0.763466763466763	0.173302173302173
2	0.0655739344260656	0.274004725995274	0.0421549578450422	0.618266381733618
3	0.007026	0.681499	0.0	0.311475
4	0.552693	0.259953	0.117096	0.070258
5	0.028103	0.775176	0.021077	0.175644
6	0.107728	0.009368	0.882904	0.0
7	0.009368	0.667447	0.323185	0.0
8	0.149883	0.196721	0.091335	0.562061
9	0.018735	0.47541	0.01171	0.494145
10	0.025761	0.393443	0.4637	0.117096
11	0.23185	0.117096	0.64637	0.004684
12	0.0608899391100609	0.658079341920658	0.18969581030419	0.0913349086650913
13	0.053864	0.163934	0.096019	0.686183
14	0.063232	0.021077	0.87822	0.037471
15	0.201405	0.505855	0.29274	0.0
