Pos	A	C	G	T
1	0.24878048780487805	0.17073170731707318	0.1024390243902439	0.47804878048780486
2	0.0	0.004878048780487805	0.00975609756097561	0.9853658536585366
3	0.014634146341463415	0.0	0.9853658536585366	0.0
4	0.00975609756097561	0.0	0.9804878048780488	0.00975609756097561
5	0.014634146341463415	0.9658536585365853	0.0	0.01951219512195122
6	0.3804878048780488	0.2731707317073171	0.014634146341463415	0.33170731707317075
7	0.24390243902439024	0.32682926829268294	0.3024390243902439	0.12682926829268293
8	0.6146341463414634	0.12195121951219512	0.21951219512195122	0.04390243902439024
9	0.08292682926829269	0.17073170731707318	0.3121951219512195	0.43414634146341463
10	0.06341463414634146	0.00975609756097561	0.0	0.926829268292683
11	0.0	0.004878048780487805	0.6487804878048781	0.3463414634146341
12	0.0	0.9463414634146341	0.0	0.05365853658536585
13	0.3463414634146341	0.6487804878048781	0.004878048780487805	0.0
14	0.9560975609756097	0.00975609756097561	0.024390243902439025	0.00975609756097561
15	0.3902439024390244	0.0	0.6097560975609756	0.0
