Pos	A	C	G	T
1	0.012461	0.05919	0.76324	0.165109
2	0.0903429096570903	0.165108834891165	0.0560749439250561	0.688473311526688
3	0.0	0.725857	0.021807	0.252336
4	0.707165	0.190031	0.012461	0.090343
5	0.034268	0.647975	0.021807	0.29595
6	0.17757	0.021807	0.76947	0.031153
7	0.0	0.716511	0.283489	0.0
8	0.224299	0.208723	0.037383	0.529595
9	0.0	0.404984404984405	0.0249220249220249	0.57009357009357
10	0.037383	0.361371	0.454829	0.146417
11	0.239875	0.127726	0.601246	0.031153
12	0.109034	0.613707	0.17134	0.105919
13	0.052959947040053	0.0685359314640685	0.0311529688470312	0.847351152648847
14	0.077882	0.0	0.922118	0.0
15	0.28971971028029	0.47975052024948	0.230529769470231	0.0
