Pos	A	C	G	T
1	0.0194649805350195	0.0291969708030292	0.746958253041747	0.204379795620204
2	0.072993	0.194647	0.053528	0.678832
3	0.0	0.710462	0.019465	0.270073
4	0.678832	0.20438	0.036496	0.080292
5	0.024331	0.656934	0.024331	0.294404
6	0.150852	0.03163	0.817518	0.0
7	0.00486600486600487	0.715328715328715	0.27980527980528	0.0
8	0.233577	0.167883	0.055961	0.542579
9	0.0	0.357664	0.024331	0.618005
10	0.0218979781020219	0.338199661800338	0.508515491484508	0.131386868613131
11	0.304136	0.097324	0.574209	0.024331
12	0.114355	0.571776	0.163017	0.150852
13	0.055961	0.087591	0.058394	0.798054
14	0.090024	0.0	0.868613	0.041363
15	0.272506	0.489051	0.238443	0.0
