Pos	A	C	G	T
1	0.0	0.34328358208955223	0.0	0.6567164179104478
2	0.014925373134328358	0.2537313432835821	0.05970149253731343	0.6716417910447762
3	0.7611940298507462	0.029850746268656716	0.208955223880597	0.0
4	0.0	0.0	0.029850746268656716	0.9701492537313433
5	0.4925373134328358	0.0	0.47761194029850745	0.029850746268656716
6	0.05970149253731343	0.0	0.9402985074626866	0.0
7	0.0	0.9552238805970149	0.0	0.04477611940298507
8	0.0	0.029850746268656716	0.0	0.9701492537313433
9	0.029850746268656716	0.08955223880597014	0.44776119402985076	0.43283582089552236
10	0.04477611940298507	0.3880597014925373	0.0	0.5671641791044776
11	0.44776119402985076	0.0	0.5522388059701493	0.0
12	0.0	0.029850746268656716	0.0	0.9701492537313433
13	0.9552238805970149	0.029850746268656716	0.014925373134328358	0.0
14	0.29850746268656714	0.0	0.7014925373134329	0.0
15	0.0	0.014925373134328358	0.0	0.9850746268656716
16	0.9552238805970149	0.014925373134328358	0.014925373134328358	0.014925373134328358
17	0.014925373134328358	0.04477611940298507	0.0	0.9402985074626866
18	0.4626865671641791	0.0	0.04477611940298507	0.4925373134328358
19	0.07462686567164178	0.5074626865671642	0.11940298507462686	0.29850746268656714
20	0.0	0.4925373134328358	0.0	0.5074626865671642
