Pos	A	C	G	T
1	0.5723684210526315	0.0	0.4276315789473684	0.0
2	0.40350877192982454	0.017543859649122806	0.5745614035087719	0.0043859649122807015
3	0.8837719298245614	0.0043859649122807015	0.1118421052631579	0.0
4	0.6820175438596491	0.015350877192982455	0.3026315789473684	0.0
5	0.618421052631579	0.006578947368421052	0.3706140350877193	0.0043859649122807015
6	0.15570175438596492	0.0	0.8289473684210527	0.015350877192982455
7	0.956140350877193	0.006578947368421052	0.03728070175438596	0.0
8	0.7478070175438597	0.0021929824561403508	0.25	0.0
9	0.6929824561403509	0.0	0.2982456140350877	0.008771929824561403
10	0.03728070175438596	0.0043859649122807015	0.9539473684210527	0.0043859649122807015
11	0.9035087719298246	0.008771929824561403	0.08771929824561403	0.0
12	0.8837719298245614	0.021929824561403508	0.09429824561403509	0.0
13	0.7324561403508771	0.0	0.2675438596491228	0.0
14	0.14692982456140352	0.0	0.8508771929824561	0.0021929824561403508
15	0.8267543859649122	0.0	0.17324561403508773	0.0
