Pos	A	C	G	T
1	0.0	0.14285714285714285	0.19047619047619047	0.6666666666666666
2	0.2857142857142857	0.047619047619047616	0.6666666666666666	0.0
3	0.09523809523809523	0.9047619047619048	0.0	0.0
4	0.047619047619047616	0.8095238095238095	0.0	0.14285714285714285
5	0.14285714285714285	0.047619047619047616	0.7142857142857143	0.09523809523809523
6	0.0	1.0	0.0	0.0
7	0.0	0.9523809523809523	0.0	0.047619047619047616
8	0.7619047619047619	0.19047619047619047	0.0	0.047619047619047616
9	0.0	0.8571428571428571	0.0	0.14285714285714285
10	0.0	0.47619047619047616	0.09523809523809523	0.42857142857142855
11	0.0	0.0	0.0	1.0
12	0.0	0.0	1.0	0.0
13	0.0	0.0	1.0	0.0
14	0.0	0.0	0.0	1.0
15	0.0	0.0	1.0	0.0
16	0.38095238095238093	0.047619047619047616	0.5714285714285714	0.0
17	0.0	1.0	0.0	0.0
18	0.5714285714285714	0.09523809523809523	0.2857142857142857	0.047619047619047616
19	0.047619047619047616	0.047619047619047616	0.8095238095238095	0.09523809523809523
20	0.047619047619047616	0.7142857142857143	0.047619047619047616	0.19047619047619047
21	0.2857142857142857	0.047619047619047616	0.6190476190476191	0.047619047619047616
22	0.047619047619047616	0.0	0.0	0.9523809523809523
23	0.5238095238095238	0.047619047619047616	0.38095238095238093	0.047619047619047616
24	0.047619047619047616	0.9047619047619048	0.0	0.047619047619047616
