Pos	A	C	G	T
1	0.038461538461538464	0.057692307692307696	0.038461538461538464	0.8653846153846154
2	0.11538461538461539	0.057692307692307696	0.7692307692307693	0.057692307692307696
3	0.1346153846153846	0.0	0.8269230769230769	0.038461538461538464
4	0.038461538461538464	0.1346153846153846	0.057692307692307696	0.7692307692307693
5	0.7307692307692307	0.11538461538461539	0.057692307692307696	0.09615384615384616
6	0.8846153846153846	0.019230769230769232	0.057692307692307696	0.038461538461538464
7	0.8076923076923077	0.09615384615384616	0.057692307692307696	0.038461538461538464
8	0.0	0.11538461538461539	0.0	0.8846153846153846
9	0.23076923076923078	0.019230769230769232	0.75	0.0
10	0.019230769230769232	0.09615384615384616	0.038461538461538464	0.8461538461538461
11	0.0	0.11538461538461539	0.07692307692307693	0.8076923076923077
12	0.019230769230769232	0.019230769230769232	0.019230769230769232	0.9423076923076923
13	0.8461538461538461	0.09615384615384616	0.019230769230769232	0.038461538461538464
14	0.8653846153846154	0.057692307692307696	0.07692307692307693	0.0
15	0.057692307692307696	0.7692307692307693	0.0	0.17307692307692307
16	0.8461538461538461	0.057692307692307696	0.07692307692307693	0.019230769230769232
17	0.75	0.057692307692307696	0.19230769230769232	0.0
18	0.038461538461538464	0.7307692307692307	0.038461538461538464	0.19230769230769232
19	0.07692307692307693	0.40384615384615385	0.019230769230769232	0.5
20	0.40384615384615385	0.019230769230769232	0.5384615384615384	0.038461538461538464
21	0.11538461538461539	0.09615384615384616	0.7692307692307693	0.019230769230769232
22	0.019230769230769232	0.8653846153846154	0.0	0.11538461538461539
23	0.09615384615384616	0.038461538461538464	0.019230769230769232	0.8461538461538461
24	0.019230769230769232	0.6730769230769231	0.09615384615384616	0.21153846153846154
25	0.057692307692307696	0.09615384615384616	0.057692307692307696	0.7884615384615384
26	0.07692307692307693	0.5384615384615384	0.17307692307692307	0.21153846153846154
27	0.1346153846153846	0.17307692307692307	0.19230769230769232	0.5
28	0.28846153846153844	0.019230769230769232	0.6346153846153846	0.057692307692307696
29	0.23076923076923078	0.057692307692307696	0.6153846153846154	0.09615384615384616
