Pos	A	C	G	T
1	0.02976190476190476	0.6607142857142857	0.125	0.18452380952380953
2	0.1130952380952381	0.5059523809523809	0.13095238095238096	0.25
3	0.21428571428571427	0.17857142857142858	0.5119047619047619	0.09523809523809523
4	0.10714285714285714	0.48214285714285715	0.18452380952380953	0.2261904761904762
5	0.005952380952380952	0.0	0.9940476190476191	0.0
6	0.0	0.0	1.0	0.0
7	0.7619047619047619	0.19642857142857142	0.005952380952380952	0.03571428571428571
8	1.0	0.0	0.0	0.0
9	0.0	1.0	0.0	0.0
10	0.047619047619047616	0.9523809523809523	0.0	0.0
11	0.0	0.9464285714285714	0.0	0.05357142857142857
12	0.11904761904761904	0.5119047619047619	0.05952380952380952	0.30952380952380953
13	0.18452380952380953	0.20238095238095238	0.3273809523809524	0.2857142857142857
14	0.20833333333333334	0.25595238095238093	0.4107142857142857	0.125
15	0.1130952380952381	0.18452380952380953	0.4880952380952381	0.21428571428571427
