Pos	A	C	G	T
1	0.8187633262260128	0.0	0.1812366737739872	0.0
2	0.5373134328358209	0.0	0.4626865671641791	0.0
3	0.17057569296375266	0.0	0.8294243070362474	0.0
4	0.9211087420042644	0.0042643923240938165	0.07462686567164178	0.0
5	0.7867803837953091	0.010660980810234541	0.2025586353944563	0.0
6	0.535181236673774	0.0021321961620469083	0.4520255863539446	0.010660980810234541
7	0.15991471215351813	0.0	0.8400852878464818	0.0
8	0.906183368869936	0.014925373134328358	0.0767590618336887	0.0021321961620469083
9	0.8059701492537313	0.008528784648187633	0.18550106609808104	0.0
10	0.6332622601279317	0.0	0.36673773987206826	0.0
11	0.05543710021321962	0.0021321961620469083	0.9402985074626866	0.0021321961620469083
12	0.9104477611940298	0.0	0.08955223880597014	0.0
13	0.8486140724946695	0.0	0.14925373134328357	0.0021321961620469083
14	0.7334754797441365	0.0	0.2537313432835821	0.01279317697228145
15	0.006396588486140725	0.0	0.9936034115138592	0.0
16	0.8784648187633263	0.0021321961620469083	0.11940298507462686	0.0
17	0.8827292110874201	0.006396588486140725	0.11087420042643924	0.0
18	0.7505330490405118	0.0	0.24946695095948826	0.0
19	0.12153518123667377	0.0	0.8763326226012793	0.0021321961620469083
20	0.8614072494669509	0.0	0.13859275053304904	0.0
