Pos	A	C	G	T
1	0.6666666666666666	0.0	0.3333333333333333	0.0
2	0.9682539682539683	0.0	0.0	0.031746031746031744
3	0.0	0.6031746031746031	0.38095238095238093	0.015873015873015872
4	0.6190476190476191	0.015873015873015872	0.031746031746031744	0.3333333333333333
5	0.015873015873015872	0.0	0.5714285714285714	0.4126984126984127
6	0.031746031746031744	0.746031746031746	0.0	0.2222222222222222
7	0.9523809523809523	0.0	0.047619047619047616	0.0
8	0.015873015873015872	0.015873015873015872	0.0	0.9682539682539683
9	0.015873015873015872	0.0	0.9841269841269841	0.0
10	0.015873015873015872	0.015873015873015872	0.5714285714285714	0.3968253968253968
11	0.0	0.5555555555555556	0.0	0.4444444444444444
12	0.5396825396825397	0.42857142857142855	0.031746031746031744	0.0
13	0.031746031746031744	0.42857142857142855	0.015873015873015872	0.5238095238095238
14	0.0	0.031746031746031744	0.015873015873015872	0.9523809523809523
15	0.06349206349206349	0.0	0.49206349206349204	0.4444444444444444
16	0.07936507936507936	0.015873015873015872	0.8888888888888888	0.015873015873015872
17	0.0	0.6825396825396826	0.015873015873015872	0.30158730158730157
18	0.9841269841269841	0.0	0.015873015873015872	0.0
19	0.047619047619047616	0.031746031746031744	0.3968253968253968	0.5238095238095238
20	0.5079365079365079	0.07936507936507936	0.4126984126984127	0.0
21	0.6190476190476191	0.0	0.36507936507936506	0.015873015873015872
22	0.9841269841269841	0.0	0.015873015873015872	0.0
23	0.5238095238095238	0.3968253968253968	0.07936507936507936	0.0
