Pos	A	C	G	T
1	0.03187250996015936	0.20318725099601595	0.027888446215139442	0.7370517928286853
2	0.01593625498007968	0.02390438247011952	0.05976095617529881	0.900398406374502
3	0.05179282868525897	0.00398406374501992	0.9362549800796812	0.00796812749003984
4	0.0	0.9800796812749004	0.00796812749003984	0.01195219123505976
5	0.0	0.9322709163346613	0.0	0.06772908366533864
6	0.7529880478087649	0.12749003984063745	0.08366533864541832	0.035856573705179286
7	0.9203187250996016	0.0398406374501992	0.01593625498007968	0.02390438247011952
8	0.0	0.00398406374501992	0.0	0.9960159362549801
9	0.027888446215139442	0.0199203187250996	0.07171314741035857	0.8804780876494024
10	0.06374501992031872	0.20318725099601595	0.099601593625498	0.6334661354581673
11	0.00398406374501992	0.9641434262948207	0.0	0.03187250996015936
12	0.035856573705179286	0.42231075697211157	0.00398406374501992	0.5378486055776892
13	0.3386454183266932	0.07171314741035857	0.549800796812749	0.0398406374501992
14	0.02390438247011952	0.01593625498007968	0.0199203187250996	0.9402390438247012
15	0.07569721115537849	0.00398406374501992	0.900398406374502	0.0199203187250996
16	0.0	0.0	0.9920318725099602	0.00796812749003984
17	0.0	0.00398406374501992	0.0	0.9960159362549801
18	0.027888446215139442	0.0	0.9721115537848606	0.0
19	0.0	0.0	0.0	1.0
20	0.9920318725099602	0.00796812749003984	0.0	0.0
21	1.0	0.0	0.0	0.0
22	0.9800796812749004	0.00398406374501992	0.00796812749003984	0.00796812749003984
23	0.0	0.12350597609561753	0.01195219123505976	0.8645418326693227
24	0.852589641434263	0.02390438247011952	0.09561752988047809	0.027888446215139442
25	0.00796812749003984	0.7250996015936255	0.027888446215139442	0.23904382470119523
26	0.0199203187250996	0.06374501992031872	0.00796812749003984	0.9083665338645418
27	0.01593625498007968	0.8087649402390438	0.035856573705179286	0.1394422310756972
28	0.035856573705179286	0.8286852589641435	0.00796812749003984	0.12749003984063745
29	0.05976095617529881	0.7888446215139442	0.02390438247011952	0.12749003984063745
