Pos	A	C	G	T
1	0.8121019108280255	0.0	0.16878980891719744	0.01910828025477707
2	0.6337579617834395	0.0	0.3089171974522293	0.05732484076433121
3	0.3343949044585987	0.01592356687898089	0.6401273885350318	0.009554140127388535
4	0.18152866242038215	0.0	0.8184713375796179	0.0
5	0.802547770700637	0.012738853503184714	0.18471337579617833	0.0
6	0.6496815286624203	0.06050955414012739	0.21337579617834396	0.07643312101910828
7	0.42356687898089174	0.0	0.5700636942675159	0.006369426751592357
8	0.09872611464968153	0.028662420382165606	0.8630573248407644	0.009554140127388535
9	0.8821656050955414	0.0	0.1178343949044586	0.0
10	0.6146496815286624	0.022292993630573247	0.30254777070063693	0.06050955414012739
11	0.37579617834394907	0.0	0.6242038216560509	0.0
12	0.2197452229299363	0.022292993630573247	0.7101910828025477	0.04777070063694268
13	0.8407643312101911	0.0	0.15286624203821655	0.006369426751592357
14	0.6178343949044586	0.0031847133757961785	0.31528662420382164	0.06369426751592357
15	0.5095541401273885	0.0	0.49044585987261147	0.0
16	0.12101910828025478	0.0031847133757961785	0.8757961783439491	0.0
17	0.8789808917197452	0.025477707006369428	0.09554140127388536	0.0
18	0.6242038216560509	0.012738853503184714	0.30254777070063693	0.06050955414012739
19	0.46496815286624205	0.0	0.535031847133758	0.0
20	0.20063694267515925	0.0	0.7866242038216561	0.012738853503184714
21	0.8280254777070064	0.009554140127388535	0.14968152866242038	0.012738853503184714
