Pos	A	C	G	T
1	0.06611570247933884	0.0	0.8842975206611571	0.049586776859504134
2	0.7355371900826446	0.024793388429752067	0.19834710743801653	0.04132231404958678
3	0.04132231404958678	0.11570247933884298	0.768595041322314	0.0743801652892562
4	0.7520661157024794	0.05785123966942149	0.17355371900826447	0.01652892561983471
5	0.04132231404958678	0.6694214876033058	0.08264462809917356	0.2066115702479339
6	0.3884297520661157	0.05785123966942149	0.5041322314049587	0.049586776859504134
7	0.03305785123966942	0.09917355371900827	0.8677685950413223	0.0
8	0.5371900826446281	0.06611570247933884	0.19834710743801653	0.19834710743801653
9	0.09090909090909091	0.0	0.9008264462809917	0.008264462809917356
10	0.0	0.04132231404958678	0.32231404958677684	0.6363636363636364
11	0.024793388429752067	0.7355371900826446	0.05785123966942149	0.18181818181818182
12	0.1322314049586777	0.0743801652892562	0.03305785123966942	0.7603305785123967
13	0.008264462809917356	0.5206611570247934	0.256198347107438	0.21487603305785125
14	0.39669421487603307	0.10743801652892562	0.45454545454545453	0.04132231404958678
15	0.09090909090909091	0.71900826446281	0.09090909090909091	0.09917355371900827
