Pos	A	C	G	T
1	0.05714285714285714	0.0035714285714285713	0.9214285714285714	0.017857142857142856
2	0.11428571428571428	0.02142857142857143	0.8535714285714285	0.010714285714285714
3	0.6607142857142857	0.02142857142857143	0.22142857142857142	0.09642857142857143
4	0.15	0.03214285714285714	0.7642857142857142	0.05357142857142857
5	0.325	0.2892857142857143	0.025	0.3607142857142857
6	0.7178571428571429	0.0035714285714285713	0.25357142857142856	0.025
7	0.0	0.010714285714285714	0.0035714285714285713	0.9857142857142858
8	0.0035714285714285713	0.025	0.0035714285714285713	0.9678571428571429
9	0.0	0.0	0.007142857142857143	0.9928571428571429
10	0.9678571428571429	0.0	0.03214285714285714	0.0
11	0.16071428571428573	0.007142857142857143	0.825	0.007142857142857143
