Pos	A	C	G	T
1	0.11235955056179775	0.5393258426966292	0.14606741573033707	0.20224719101123595
2	0.6741573033707865	0.21348314606741572	0.06741573033707865	0.0449438202247191
3	0.033707865168539325	0.6179775280898876	0.056179775280898875	0.29213483146067415
4	0.7528089887640449	0.033707865168539325	0.15730337078651685	0.056179775280898875
5	0.033707865168539325	0.12359550561797752	0.0898876404494382	0.7528089887640449
6	0.0898876404494382	0.14606741573033707	0.14606741573033707	0.6179775280898876
7	0.6067415730337079	0.07865168539325842	0.19101123595505617	0.12359550561797752
8	0.15730337078651685	0.033707865168539325	0.7640449438202247	0.0449438202247191
9	0.06741573033707865	0.6741573033707865	0.02247191011235955	0.23595505617977527
10	0.7415730337078652	0.07865168539325842	0.12359550561797752	0.056179775280898875
11	0.1348314606741573	0.16853932584269662	0.0	0.6966292134831461
12	0.7303370786516854	0.056179775280898875	0.14606741573033707	0.06741573033707865
13	0.056179775280898875	0.07865168539325842	0.10112359550561797	0.7640449438202247
14	0.0	0.11235955056179775	0.02247191011235955	0.8651685393258427
15	0.8089887640449438	0.1797752808988764	0.0	0.011235955056179775
16	1.0	0.0	0.0	0.0
17	0.9775280898876404	0.0	0.0	0.02247191011235955
18	0.011235955056179775	0.011235955056179775	0.9775280898876404	0.0
