Pos	A	C	G	T
1	0.051094890510948905	0.0	0.9318734793187348	0.0170316301703163
2	0.0851581508515815	0.019464720194647202	0.878345498783455	0.0170316301703163
3	0.014598540145985401	0.8442822384428224	0.014598540145985401	0.12652068126520682
4	0.0267639902676399	0.9051094890510949	0.012165450121654502	0.05596107055961071
5	0.0	0.9221411192214112	0.014598540145985401	0.06326034063260341
6	0.9708029197080292	0.0	0.029197080291970802	0.0
7	0.043795620437956206	0.0072992700729927005	0.9367396593673966	0.012165450121654502
8	0.06082725060827251	0.0024330900243309003	0.9197080291970803	0.0170316301703163
9	0.09732360097323602	0.029197080291970802	0.8637469586374696	0.009732360097323601
10	0.046228710462287104	0.6423357664233577	0.012165450121654502	0.29927007299270075
11	0.0364963503649635	0.8710462287104623	0.009732360097323601	0.0827250608272506
