Pos	A	C	G	T
1	0.9815950920245399	0.0	0.018404907975460124	0.0
2	0.006134969325153374	0.0	0.0	0.9938650306748467
3	1.0	0.0	0.0	0.0
4	0.9969325153374233	0.003067484662576687	0.0	0.0
5	1.0	0.0	0.0	0.0
6	0.015337423312883436	0.0	0.9846625766871165	0.0
7	0.0	0.06441717791411043	0.0	0.9355828220858896
8	0.003067484662576687	0.0	0.0	0.9969325153374233
9	0.003067484662576687	0.012269938650306749	0.003067484662576687	0.9815950920245399
10	0.009202453987730062	0.006134969325153374	0.0	0.9846625766871165
11	0.9478527607361963	0.003067484662576687	0.03374233128834356	0.015337423312883436
12	0.003067484662576687	0.02147239263803681	0.0	0.9754601226993865
13	0.003067484662576687	0.027607361963190184	0.003067484662576687	0.9662576687116564
14	0.10122699386503067	0.015337423312883436	0.8680981595092024	0.015337423312883436
15	0.2116564417177914	0.009202453987730062	0.7607361963190185	0.018404907975460124
16	0.7607361963190185	0.15950920245398773	0.05521472392638037	0.024539877300613498
17	0.9785276073619632	0.009202453987730062	0.006134969325153374	0.006134969325153374
