Pos	A	C	G	T
1	0.004705882352941176	0.9788235294117648	0.007058823529411765	0.009411764705882352
2	0.002352941176470588	0.9929411764705882	0.0	0.004705882352941176
3	0.004705882352941176	0.01411764705882353	0.004705882352941176	0.9764705882352941
4	0.002352941176470588	0.9623529411764706	0.011764705882352941	0.023529411764705882
5	0.018823529411764704	0.46588235294117647	0.011764705882352941	0.5035294117647059
6	0.43529411764705883	0.01647058823529412	0.508235294117647	0.04
7	0.047058823529411764	0.002352941176470588	0.9435294117647058	0.007058823529411765
8	0.03058823529411765	0.002352941176470588	0.9505882352941176	0.01647058823529412
9	0.004705882352941176	0.96	0.002352941176470588	0.03294117647058824
10	0.004705882352941176	0.9647058823529412	0.0	0.03058823529411765
11	0.007058823529411765	0.01411764705882353	0.0	0.9788235294117648
12	0.06823529411764706	0.002352941176470588	0.9152941176470588	0.01411764705882353
13	0.002352941176470588	0.018823529411764704	0.0	0.9788235294117648
14	0.042352941176470586	0.01411764705882353	0.9223529411764706	0.021176470588235293
15	0.9529411764705882	0.011764705882352941	0.02588235294117647	0.009411764705882352
16	0.01647058823529412	0.018823529411764704	0.023529411764705882	0.9411764705882353
17	0.08705882352941176	0.0	0.9058823529411765	0.007058823529411765
18	0.06823529411764706	0.007058823529411765	0.8964705882352941	0.02823529411764706
19	0.1011764705882353	0.021176470588235293	0.8588235294117647	0.018823529411764704
