Pos	A	C	G	T
1	0.8692307692307693	0.023076923076923078	0.09230769230769231	0.015384615384615385
2	0.3769230769230769	0.038461538461538464	0.5846153846153846	0.0
3	0.0	0.0	0.08461538461538462	0.9153846153846154
4	0.038461538461538464	0.0	0.9615384615384616	0.0
5	0.8538461538461538	0.015384615384615385	0.12307692307692308	0.007692307692307693
6	0.5076923076923077	0.0	0.46923076923076923	0.023076923076923078
7	0.0	0.07692307692307693	0.12307692307692308	0.8
8	0.18461538461538463	0.015384615384615385	0.8	0.0
9	0.9307692307692308	0.023076923076923078	0.046153846153846156	0.0
10	0.7846153846153846	0.0	0.2153846153846154	0.0
11	0.0	0.0	0.015384615384615385	0.9846153846153847
