Pos	A	C	G	T
1	0.11224489795918367	0.061224489795918366	0.7959183673469388	0.030612244897959183
2	0.9081632653061225	0.04081632653061224	0.04081632653061224	0.01020408163265306
3	0.6224489795918368	0.02040816326530612	0.35714285714285715	0.0
4	0.02040816326530612	0.07142857142857142	0.02040816326530612	0.8877551020408163
5	0.10204081632653061	0.04081632653061224	0.8571428571428571	0.0
6	0.8673469387755102	0.01020408163265306	0.10204081632653061	0.02040816326530612
7	0.6428571428571429	0.0	0.3163265306122449	0.04081632653061224
8	0.02040816326530612	0.07142857142857142	0.07142857142857142	0.8367346938775511
9	0.10204081632653061	0.01020408163265306	0.8775510204081632	0.01020408163265306
10	0.9591836734693877	0.030612244897959183	0.0	0.01020408163265306
11	0.5	0.01020408163265306	0.47959183673469385	0.01020408163265306
12	0.0	0.01020408163265306	0.08163265306122448	0.9081632653061225
13	0.01020408163265306	0.01020408163265306	0.9591836734693877	0.02040816326530612
14	0.9489795918367347	0.0	0.05102040816326531	0.0
15	0.673469387755102	0.0	0.25510204081632654	0.07142857142857142
16	0.0	0.17346938775510204	0.1326530612244898	0.6938775510204082
17	0.11224489795918367	0.02040816326530612	0.8163265306122449	0.05102040816326531
18	0.9591836734693877	0.01020408163265306	0.02040816326530612	0.01020408163265306
19	0.6122448979591837	0.02040816326530612	0.35714285714285715	0.01020408163265306
20	0.01020408163265306	0.061224489795918366	0.04081632653061224	0.8877551020408163
21	0.0	0.01020408163265306	0.9285714285714286	0.061224489795918366
