Pos	A	C	G	T
1	0.13513513513513514	0.22972972972972974	0.22972972972972974	0.40540540540540543
2	0.14864864864864866	0.04054054054054054	0.12162162162162163	0.6891891891891891
3	0.28378378378378377	0.17567567567567569	0.4189189189189189	0.12162162162162163
4	0.04054054054054054	0.36486486486486486	0.02702702702702703	0.5675675675675675
5	0.32432432432432434	0.44594594594594594	0.06756756756756757	0.16216216216216217
6	0.8378378378378378	0.08108108108108109	0.04054054054054054	0.04054054054054054
7	0.9864864864864865	0.0	0.013513513513513514	0.0
8	0.0	0.013513513513513514	0.0	0.9864864864864865
9	1.0	0.0	0.0	0.0
10	1.0	0.0	0.0	0.0
11	1.0	0.0	0.0	0.0
12	0.0	0.0	1.0	0.0
13	0.02702702702702703	0.05405405405405406	0.0	0.918918918918919
14	0.0	0.0	0.0	1.0
15	0.05405405405405406	0.013513513513513514	0.14864864864864866	0.7837837837837838
16	0.0945945945945946	0.13513513513513514	0.02702702702702703	0.7432432432432432
17	0.4594594594594595	0.04054054054054054	0.14864864864864866	0.35135135135135137
18	0.06756756756756757	0.14864864864864866	0.1891891891891892	0.5945945945945946
19	0.12162162162162163	0.14864864864864866	0.0945945945945946	0.6351351351351351
20	0.2702702702702703	0.12162162162162163	0.3918918918918919	0.21621621621621623
21	0.3783783783783784	0.0945945945945946	0.36486486486486486	0.16216216216216217
22	0.4864864864864865	0.16216216216216217	0.08108108108108109	0.2702702702702703
23	0.4594594594594595	0.16216216216216217	0.14864864864864866	0.22972972972972974
24	0.2972972972972973	0.36486486486486486	0.05405405405405406	0.28378378378378377
25	0.6621621621621622	0.0945945945945946	0.12162162162162163	0.12162162162162163
26	0.36486486486486486	0.36486486486486486	0.13513513513513514	0.13513513513513514
