Pos	A	C	G	T
1	0.0	0.07547169811320754	0.0	0.9245283018867925
2	0.0	0.0	1.0	0.0
3	0.9245283018867925	0.07547169811320754	0.0	0.0
4	0.7735849056603774	0.0	0.22641509433962265	0.0
5	0.0	0.18867924528301888	0.07547169811320754	0.7358490566037735
6	0.22641509433962265	0.0	0.7169811320754716	0.05660377358490566
7	0.8867924528301887	0.018867924528301886	0.07547169811320754	0.018867924528301886
8	0.39622641509433965	0.03773584905660377	0.5283018867924528	0.03773584905660377
9	0.018867924528301886	0.0	0.03773584905660377	0.9433962264150944
10	0.0	0.0	1.0	0.0
11	0.9811320754716981	0.0	0.018867924528301886	0.0
12	0.4716981132075472	0.03773584905660377	0.49056603773584906	0.0
13	0.018867924528301886	0.03773584905660377	0.05660377358490566	0.8867924528301887
14	0.09433962264150944	0.03773584905660377	0.8679245283018868	0.0
15	0.8301886792452831	0.05660377358490566	0.07547169811320754	0.03773584905660377
16	0.6415094339622641	0.018867924528301886	0.33962264150943394	0.0
17	0.07547169811320754	0.07547169811320754	0.0	0.8490566037735849
18	0.11320754716981132	0.0	0.8301886792452831	0.05660377358490566
