Pos	A	C	G	T
1	0.9014084507042254	0.028169014084507043	0.056338028169014086	0.014084507042253521
2	0.11267605633802817	0.028169014084507043	0.8309859154929577	0.028169014084507043
3	0.0	0.30985915492957744	0.2676056338028169	0.4225352112676056
4	0.8591549295774648	0.014084507042253521	0.11267605633802817	0.014084507042253521
5	0.8450704225352113	0.0	0.15492957746478872	0.0
6	0.8450704225352113	0.0	0.14084507042253522	0.014084507042253521
7	0.028169014084507043	0.09859154929577464	0.8169014084507042	0.056338028169014086
8	0.8450704225352113	0.04225352112676056	0.11267605633802817	0.0
9	0.8450704225352113	0.07042253521126761	0.028169014084507043	0.056338028169014086
10	0.7323943661971831	0.014084507042253521	0.2112676056338028	0.04225352112676056
11	0.08450704225352113	0.704225352112676	0.0	0.2112676056338028
12	0.18309859154929578	0.704225352112676	0.014084507042253521	0.09859154929577464
13	0.056338028169014086	0.2112676056338028	0.04225352112676056	0.6901408450704225
14	0.2676056338028169	0.08450704225352113	0.6197183098591549	0.028169014084507043
15	0.028169014084507043	0.16901408450704225	0.056338028169014086	0.7464788732394366
16	0.07042253521126761	0.11267605633802817	0.14084507042253522	0.676056338028169
17	0.18309859154929578	0.07042253521126761	0.056338028169014086	0.6901408450704225
18	0.5774647887323944	0.14084507042253522	0.14084507042253522	0.14084507042253522
19	0.5070422535211268	0.15492957746478872	0.23943661971830985	0.09859154929577464
20	0.14084507042253522	0.5352112676056338	0.028169014084507043	0.29577464788732394
21	0.15492957746478872	0.18309859154929578	0.028169014084507043	0.6338028169014085
