Pos	A	C	G	T
1	0.8438661710037175	0.03717472118959108	0.09293680297397769	0.026022304832713755
2	0.7211895910780669	0.08921933085501858	0.07434944237918216	0.11524163568773234
3	0.01486988847583643	0.055762081784386616	0.03717472118959108	0.8921933085501859
4	0.026022304832713755	0.03345724907063197	0.79182156133829	0.14869888475836432
5	0.7881040892193308	0.04460966542750929	0.12267657992565056	0.04460966542750929
6	0.6022304832713755	0.011152416356877323	0.1970260223048327	0.1895910780669145
7	0.01486988847583643	0.09293680297397769	0.10037174721189591	0.79182156133829
8	0.16356877323420074	0.03345724907063197	0.8029739776951673	0.0
9	0.929368029739777	0.026022304832713755	0.03717472118959108	0.007434944237918215
10	0.6840148698884758	0.011152416356877323	0.2825278810408922	0.022304832713754646
11	0.007434944237918215	0.08178438661710037	0.02973977695167286	0.8810408921933085
12	0.05204460966542751	0.022304832713754646	0.9182156133828996	0.007434944237918215
13	0.9702602230483272	0.022304832713754646	0.0	0.007434944237918215
14	0.7509293680297398	0.011152416356877323	0.1821561338289963	0.055762081784386616
15	0.011152416356877323	0.055762081784386616	0.09293680297397769	0.8401486988847584
16	0.08921933085501858	0.007434944237918215	0.8810408921933085	0.022304832713754646
17	0.966542750929368	0.007434944237918215	0.026022304832713755	0.0
18	0.8475836431226765	0.0037174721189591076	0.14869888475836432	0.0
19	0.0	0.055762081784386616	0.02973977695167286	0.9144981412639405
20	0.055762081784386616	0.01858736059479554	0.9070631970260223	0.01858736059479554
21	0.929368029739777	0.04460966542750929	0.01858736059479554	0.007434944237918215
22	0.79182156133829	0.02973977695167286	0.1524163568773234	0.026022304832713755
23	0.09665427509293681	0.08178438661710037	0.011152416356877323	0.8104089219330854
24	0.08178438661710037	0.04460966542750929	0.828996282527881	0.04460966542750929
25	0.7397769516728625	0.09293680297397769	0.12639405204460966	0.040892193308550186
26	0.6245353159851301	0.10408921933085502	0.22304832713754646	0.048327137546468404
27	0.12639405204460966	0.08178438661710037	0.14869888475836432	0.6431226765799256
