Pos	A	C	G	T
1	0.087248322147651	0.0	0.1610738255033557	0.7516778523489933
2	0.020134228187919462	0.0	0.9798657718120806	0.0
3	0.9530201342281879	0.0	0.04697986577181208	0.0
4	0.8590604026845637	0.0	0.14093959731543623	0.0
5	0.053691275167785234	0.21476510067114093	0.09395973154362416	0.6375838926174496
6	0.21476510067114093	0.020134228187919462	0.6442953020134228	0.12080536912751678
7	0.9932885906040269	0.0	0.006711409395973154	0.0
8	0.7248322147651006	0.0	0.2751677852348993	0.0
9	0.026845637583892617	0.006711409395973154	0.013422818791946308	0.9530201342281879
10	0.0	0.0	1.0	0.0
11	0.9060402684563759	0.06040268456375839	0.0	0.03355704697986577
