Pos	A	C	G	T
1	0.06588235294117648	0.16470588235294117	0.11529411764705882	0.6541176470588236
2	0.03294117647058824	0.07058823529411765	0.8023529411764706	0.09411764705882353
3	0.2164705882352941	0.11294117647058824	0.3952941176470588	0.2752941176470588
4	0.09176470588235294	0.5905882352941176	0.1811764705882353	0.13647058823529412
5	0.03058823529411765	0.7670588235294118	0.06588235294117648	0.13647058823529412
6	0.01647058823529412	0.8047058823529412	0.03529411764705882	0.14352941176470588
7	0.10588235294117647	0.4164705882352941	0.08941176470588236	0.38823529411764707
8	0.12470588235294118	0.33647058823529413	0.1388235294117647	0.4
9	0.10588235294117647	0.43058823529411766	0.25882352941176473	0.20470588235294118
10	0.05411764705882353	0.4164705882352941	0.23058823529411765	0.2988235294117647
11	0.08	0.5247058823529411	0.3341176470588235	0.0611764705882353
12	0.17647058823529413	0.09411764705882353	0.7058823529411765	0.023529411764705882
13	0.004705882352941176	0.2635294117647059	0.6988235294117647	0.03294117647058824
14	0.08941176470588236	0.5694117647058824	0.19294117647058823	0.14823529411764705
15	0.13647058823529412	0.5505882352941176	0.03058823529411765	0.2823529411764706
16	0.17882352941176471	0.2376470588235294	0.2776470588235294	0.3058823529411765
17	0.0	0.9882352941176471	0.0	0.011764705882352941
18	0.0	0.9623529411764706	0.01411764705882353	0.023529411764705882
19	0.0611764705882353	0.0	0.9317647058823529	0.007058823529411765
20	0.0	0.011764705882352941	0.004705882352941176	0.9835294117647059
