Pos	A	C	G	T
1	0.9498607242339833	0.013927576601671309	0.008356545961002786	0.027855153203342618
2	0.8635097493036211	0.0	0.13649025069637882	0.0
3	0.002785515320334262	0.05013927576601671	0.025069637883008356	0.9220055710306406
4	0.025069637883008356	0.002785515320334262	0.9665738161559888	0.005571030640668524
5	0.9526462395543176	0.022284122562674095	0.025069637883008356	0.0
6	0.8272980501392758	0.005571030640668524	0.1615598885793872	0.005571030640668524
7	0.002785515320334262	0.027855153203342618	0.03064066852367688	0.9387186629526463
8	0.03899721448467967	0.0	0.947075208913649	0.013927576601671309
9	0.9554317548746518	0.019498607242339833	0.025069637883008356	0.0
10	0.8022284122562674	0.008356545961002786	0.181058495821727	0.008356545961002786
11	0.0	0.08635097493036212	0.036211699164345405	0.8774373259052924
12	0.04178272980501393	0.008356545961002786	0.9415041782729805	0.008356545961002786
13	0.9331476323119777	0.033426183844011144	0.03064066852367688	0.002785515320334262
14	0.807799442896936	0.008356545961002786	0.1615598885793872	0.022284122562674095
15	0.03064066852367688	0.04178272980501393	0.06685236768802229	0.8607242339832869
16	0.033426183844011144	0.022284122562674095	0.9080779944289693	0.036211699164345405
17	0.8857938718662952	0.027855153203342618	0.052924791086350974	0.033426183844011144
18	0.7883008356545961	0.03064066852367688	0.12534818941504178	0.055710306406685235
19	0.03899721448467967	0.0807799442896936	0.0584958217270195	0.8217270194986073
20	0.09192200557103064	0.033426183844011144	0.8161559888579387	0.0584958217270195
