Pos	A	C	G	T
1	0.0660377358490566	0.0330188679245283	0.8867924528301887	0.014150943396226415
2	0.030660377358490566	0.9245283018867925	0.02122641509433962	0.02358490566037736
3	0.009433962264150943	0.9528301886792453	0.0	0.03773584905660377
4	0.025943396226415096	0.9127358490566038	0.0023584905660377358	0.0589622641509434
5	0.9080188679245284	0.0330188679245283	0.030660377358490566	0.02830188679245283
6	0.018867924528301886	0.4056603773584906	0.1792452830188679	0.39622641509433965
7	0.3632075471698113	0.0	0.6202830188679245	0.01650943396226415
8	0.9575471698113207	0.0023584905660377358	0.03773584905660377	0.0023584905660377358
9	0.9716981132075472	0.02122641509433962	0.007075471698113208	0.0
10	0.9858490566037735	0.0	0.01179245283018868	0.0023584905660377358
11	0.018867924528301886	0.9622641509433962	0.0	0.018867924528301886
