Pos	A	C	G	T
1	0.007434944237918215	0.03717472118959108	0.026022304832713755	0.929368029739777
2	0.07806691449814127	0.011152416356877323	0.040892193308550186	0.8698884758364313
3	0.03717472118959108	0.01858736059479554	0.8921933085501859	0.05204460966542751
4	0.9256505576208178	0.007434944237918215	0.026022304832713755	0.040892193308550186
5	0.026022304832713755	0.0037174721189591076	0.9553903345724907	0.01486988847583643
6	0.9442379182156134	0.01486988847583643	0.03345724907063197	0.007434944237918215
7	0.01858736059479554	0.6319702602230484	0.03717472118959108	0.31226765799256506
8	0.46096654275092935	0.011152416356877323	0.5018587360594795	0.026022304832713755
9	0.055762081784386616	0.026022304832713755	0.8921933085501859	0.026022304832713755
10	0.7843866171003717	0.02973977695167286	0.15613382899628253	0.02973977695167286
11	0.04460966542750929	0.026022304832713755	0.9182156133828996	0.011152416356877323
12	0.007434944237918215	0.02973977695167286	0.011152416356877323	0.9516728624535316
13	0.01486988847583643	0.8104089219330854	0.01858736059479554	0.15613382899628253
14	0.011152416356877323	0.01486988847583643	0.011152416356877323	0.9628252788104089
15	0.011152416356877323	0.6356877323420075	0.04460966542750929	0.30855018587360594
16	0.3643122676579926	0.03717472118959108	0.5427509293680297	0.055762081784386616
17	0.0	0.8996282527881041	0.04460966542750929	0.055762081784386616
18	0.007434944237918215	0.05947955390334572	0.007434944237918215	0.9256505576208178
19	0.040892193308550186	0.8736059479553904	0.026022304832713755	0.05947955390334572
20	0.007434944237918215	0.022304832713754646	0.03345724907063197	0.9368029739776952
21	0.048327137546468404	0.048327137546468404	0.7434944237918215	0.15985130111524162
