Pos	A	C	G	T
1	0.8394366197183099	0.03380281690140845	0.10422535211267606	0.022535211267605635
2	0.030985915492957747	0.061971830985915494	0.03380281690140845	0.8732394366197183
3	0.022535211267605635	0.2112676056338028	0.014084507042253521	0.752112676056338
4	0.9577464788732394	0.005633802816901409	0.014084507042253521	0.022535211267605635
5	0.9802816901408451	0.005633802816901409	0.011267605633802818	0.0028169014084507044
6	0.9746478873239437	0.005633802816901409	0.016901408450704224	0.0028169014084507044
7	0.971830985915493	0.0	0.014084507042253521	0.014084507042253521
8	0.061971830985915494	0.005633802816901409	0.9070422535211268	0.02535211267605634
9	0.5690140845070423	0.005633802816901409	0.4056338028169014	0.01971830985915493
10	0.022535211267605635	0.8366197183098592	0.014084507042253521	0.1267605633802817
11	0.9323943661971831	0.0	0.028169014084507043	0.03943661971830986
12	0.18309859154929578	0.3154929577464789	0.39436619718309857	0.10704225352112676
13	0.9014084507042254	0.008450704225352112	0.05070422535211268	0.03943661971830986
14	0.056338028169014086	0.02535211267605634	0.9070422535211268	0.011267605633802818
15	0.8732394366197183	0.011267605633802818	0.08169014084507042	0.03380281690140845
16	0.036619718309859155	0.5408450704225352	0.0676056338028169	0.35492957746478876
17	0.04225352112676056	0.03943661971830986	0.01971830985915493	0.8985915492957747
