Pos	A	C	G	T
1	0.0	0.038461538461538464	0.9230769230769231	0.038461538461538464
2	0.4	0.3076923076923077	0.2846153846153846	0.007692307692307693
3	0.06923076923076923	0.15384615384615385	0.7384615384615385	0.038461538461538464
4	0.43846153846153846	0.13076923076923078	0.4307692307692308	0.0
5	0.03076923076923077	0.6692307692307692	0.13076923076923078	0.16923076923076924
6	0.3384615384615385	0.09230769230769231	0.5538461538461539	0.015384615384615385
7	0.05384615384615385	0.038461538461538464	0.9076923076923077	0.0
8	0.4230769230769231	0.27692307692307694	0.18461538461538463	0.11538461538461539
9	0.06153846153846154	0.11538461538461539	0.7769230769230769	0.046153846153846156
10	0.015384615384615385	0.11538461538461539	0.46153846153846156	0.4076923076923077
11	0.0	0.8615384615384616	0.05384615384615385	0.08461538461538462
12	0.05384615384615385	0.12307692307692308	0.26153846153846155	0.5615384615384615
13	0.007692307692307693	0.49230769230769234	0.4307692307692308	0.06923076923076923
14	0.2076923076923077	0.2923076923076923	0.4307692307692308	0.06923076923076923
15	0.0	0.5923076923076923	0.35384615384615387	0.05384615384615385
