Pos	A	C	G	T
1	0.0	0.007407407407407408	0.16296296296296298	0.8296296296296296
2	0.022222222222222223	0.014814814814814815	0.9481481481481482	0.014814814814814815
3	1.0	0.0	0.0	0.0
4	0.8444444444444444	0.0	0.15555555555555556	0.0
5	0.1259259259259259	0.11851851851851852	0.1111111111111111	0.6444444444444445
6	0.14814814814814814	0.0	0.6444444444444445	0.2074074074074074
7	0.8740740740740741	0.0	0.1259259259259259	0.0
8	0.7481481481481481	0.0	0.2518518518518518	0.0
9	0.0	0.0	0.0	1.0
10	0.0	0.0	1.0	0.0
11	0.8740740740740741	0.08888888888888889	0.02962962962962963	0.007407407407407408
