Pos	A	C	G	T
1	0.025362318840579712	0.17028985507246377	0.0	0.8043478260869565
2	0.0	0.9057971014492754	0.09420289855072464	0.0
3	0.0036231884057971015	0.8840579710144928	0.0	0.11231884057971014
4	0.014492753623188406	0.0	0.018115942028985508	0.967391304347826
5	0.0	0.9601449275362319	0.014492753623188406	0.025362318840579712
6	0.021739130434782608	0.9021739130434783	0.0	0.07608695652173914
7	0.021739130434782608	0.3333333333333333	0.014492753623188406	0.6304347826086957
8	0.018115942028985508	0.7246376811594203	0.036231884057971016	0.2210144927536232
9	0.04710144927536232	0.717391304347826	0.057971014492753624	0.17753623188405798
10	0.05434782608695652	0.4057971014492754	0.014492753623188406	0.5253623188405797
11	0.021739130434782608	0.5108695652173914	0.06521739130434782	0.40217391304347827
12	0.043478260869565216	0.7282608695652174	0.036231884057971016	0.19202898550724637
13	0.0	0.3804347826086957	0.050724637681159424	0.5688405797101449
14	0.03260869565217391	0.6376811594202898	0.09782608695652174	0.2318840579710145
15	0.03985507246376811	0.5869565217391305	0.0036231884057971015	0.3695652173913043
