Pos	A	C	G	T
1	0.03864734299516908	0.0	0.961352657004831	0.0
2	0.9855072463768116	0.0	0.014492753623188406	0.0
3	0.7729468599033816	0.0	0.22705314009661837	0.0
4	0.1111111111111111	0.0	0.0	0.8888888888888888
5	0.033816425120772944	0.0	0.961352657004831	0.004830917874396135
6	0.927536231884058	0.0	0.07246376811594203	0.0
7	0.6859903381642513	0.01932367149758454	0.2946859903381642	0.0
8	0.07246376811594203	0.043478260869565216	0.0	0.8840579710144928
9	0.06280193236714976	0.00966183574879227	0.927536231884058	0.0
10	0.8309178743961353	0.04830917874396135	0.0821256038647343	0.03864734299516908
11	0.5507246376811594	0.057971014492753624	0.3188405797101449	0.07246376811594203
