Pos	A	C	G	T
1	0.7453416149068323	0.015527950310559006	0.2391304347826087	0.0
2	0.32919254658385094	0.015527950310559006	0.19875776397515527	0.45652173913043476
3	0.14285714285714285	0.012422360248447204	0.8043478260869565	0.040372670807453416
4	0.14596273291925466	0.0	0.8540372670807453	0.0
5	0.8944099378881988	0.006211180124223602	0.08695652173913043	0.012422360248447204
6	0.2639751552795031	0.031055900621118012	0.21739130434782608	0.48757763975155277
7	0.18012422360248448	0.0	0.8136645962732919	0.006211180124223602
8	0.18012422360248448	0.0	0.8198757763975155	0.0
9	0.9037267080745341	0.0	0.09316770186335403	0.003105590062111801
10	0.3167701863354037	0.08074534161490683	0.16770186335403728	0.43478260869565216
11	0.3416149068322981	0.003105590062111801	0.6459627329192547	0.009316770186335404
12	0.20186335403726707	0.027950310559006212	0.7701863354037267	0.0
13	0.8757763975155279	0.0	0.10869565217391304	0.015527950310559006
14	0.30745341614906835	0.015527950310559006	0.20496894409937888	0.4720496894409938
15	0.2453416149068323	0.009316770186335404	0.7236024844720497	0.021739130434782608
