Pos	A	C	G	T
1	0.0	0.08637873754152824	0.2857142857142857	0.627906976744186
2	0.0	0.0	1.0	0.0
3	0.09302325581395349	0.19933554817275748	0.16611295681063123	0.5415282392026578
4	0.0	0.0	0.292358803986711	0.707641196013289
5	0.17275747508305647	0.6013289036544851	0.09302325581395349	0.132890365448505
6	0.036544850498338874	0.03322259136212625	0.0	0.9302325581395349
7	0.0	0.0	1.0	0.0
8	0.023255813953488372	0.23255813953488372	0.7441860465116279	0.0
9	0.6810631229235881	0.31893687707641194	0.0	0.0
10	0.3953488372093023	0.11960132890365449	0.27906976744186046	0.2059800664451827
11	0.05647840531561462	0.3222591362126246	0.2823920265780731	0.3388704318936877
