Pos	A	C	G	T
1	0.0	0.6037735849056604	0.08490566037735849	0.3113207547169811
2	0.09433962264150944	0.5943396226415094	0.05660377358490566	0.25471698113207547
3	0.03773584905660377	0.36792452830188677	0.09433962264150944	0.5
4	0.10377358490566038	0.6226415094339622	0.02830188679245283	0.24528301886792453
5	0.0	0.6226415094339622	0.0	0.37735849056603776
6	0.04716981132075472	0.39622641509433965	0.0660377358490566	0.49056603773584906
7	0.03773584905660377	0.7547169811320755	0.08490566037735849	0.12264150943396226
8	0.02830188679245283	0.5471698113207547	0.018867924528301886	0.4056603773584906
9	0.03773584905660377	0.20754716981132076	0.018867924528301886	0.7358490566037735
10	0.0	0.8584905660377359	0.0	0.14150943396226415
11	0.0	0.9339622641509434	0.0	0.0660377358490566
12	0.0	0.02830188679245283	0.0	0.9716981132075472
13	0.0	0.9905660377358491	0.0	0.009433962264150943
14	0.0	0.8584905660377359	0.0	0.14150943396226415
15	0.04716981132075472	0.2169811320754717	0.0	0.7358490566037735
