Pos	A	C	G	T
1	0.0	1.0	0.0	0.0
2	0.0	0.0	0.0	1.0
3	0.2857142857142857	0.0	0.7142857142857143	0.0
4	0.0	0.0	1.0	0.0
5	0.42857142857142855	0.42857142857142855	0.0	0.14285714285714285
6	0.14285714285714285	0.0	0.8571428571428571	0.0
7	0.8571428571428571	0.0	0.14285714285714285	0.0
8	0.0	0.0	0.8571428571428571	0.14285714285714285
9	0.0	1.0	0.0	0.0
10	1.0	0.0	0.0	0.0
11	0.0	0.8571428571428571	0.0	0.14285714285714285
12	1.0	0.0	0.0	0.0
13	0.0	0.0	0.0	1.0
14	0.2857142857142857	0.0	0.7142857142857143	0.0
15	0.0	0.0	0.8571428571428571	0.14285714285714285
16	0.0	0.42857142857142855	0.0	0.5714285714285714
17	0.8571428571428571	0.0	0.14285714285714285	0.0
18	0.0	0.0	0.14285714285714285	0.8571428571428571
19	0.0	0.0	0.0	1.0
20	0.0	0.0	0.14285714285714285	0.8571428571428571
21	0.0	1.0	0.0	0.0
22	0.42857142857142855	0.0	0.0	0.5714285714285714
23	1.0	0.0	0.0	0.0
24	0.5714285714285714	0.0	0.42857142857142855	0.0
25	0.0	0.0	1.0	0.0
26	0.0	0.5714285714285714	0.0	0.42857142857142855
27	0.14285714285714285	0.7142857142857143	0.0	0.14285714285714285
28	1.0	0.0	0.0	0.0
29	1.0	0.0	0.0	0.0
30	0.0	1.0	0.0	0.0
