Pos	A	C	G	T
1	0.018018018018018018	0.03003003003003003	0.018018018018018018	0.933933933933934
2	0.08408408408408409	0.021021021021021023	0.015015015015015015	0.8798798798798799
3	0.06006006006006006	0.012012012012012012	0.8618618618618619	0.06606606606606606
4	0.954954954954955	0.003003003003003003	0.006006006006006006	0.036036036036036036
5	0.018018018018018018	0.006006006006006006	0.972972972972973	0.003003003003003003
6	0.948948948948949	0.009009009009009009	0.036036036036036036	0.006006006006006006
7	0.012012012012012012	0.6516516516516516	0.03903903903903904	0.2972972972972973
8	0.5105105105105106	0.018018018018018018	0.4444444444444444	0.02702702702702703
9	0.06306306306306306	0.03003003003003003	0.8828828828828829	0.024024024024024024
10	0.7837837837837838	0.018018018018018018	0.17417417417417416	0.024024024024024024
11	0.07207207207207207	0.021021021021021023	0.8918918918918919	0.015015015015015015
12	0.003003003003003003	0.02702702702702703	0.006006006006006006	0.963963963963964
13	0.0	0.8438438438438438	0.009009009009009009	0.14714714714714713
14	0.006006006006006006	0.018018018018018018	0.009009009009009009	0.9669669669669669
15	0.021021021021021023	0.6246246246246246	0.03003003003003003	0.32432432432432434
16	0.33933933933933935	0.04804804804804805	0.5705705705705706	0.042042042042042045
17	0.006006006006006006	0.8858858858858859	0.03903903903903904	0.06906906906906907
18	0.018018018018018018	0.05405405405405406	0.009009009009009009	0.918918918918919
19	0.042042042042042045	0.8528528528528528	0.042042042042042045	0.06306306306306306
20	0.012012012012012012	0.036036036036036036	0.03903903903903904	0.9129129129129129
