Pos	A	C	G	T
1	0.010582010582010581	0.021164021164021163	0.06878306878306878	0.8994708994708994
2	0.026455026455026454	0.0	0.9682539682539683	0.005291005291005291
3	0.9735449735449735	0.015873015873015872	0.005291005291005291	0.005291005291005291
4	0.9259259259259259	0.010582010582010581	0.05291005291005291	0.010582010582010581
5	0.0	0.06878306878306878	0.015873015873015872	0.9153439153439153
6	0.10052910052910052	0.0	0.8888888888888888	0.010582010582010581
7	0.9947089947089947	0.0	0.005291005291005291	0.0
8	0.8518518518518519	0.0	0.14814814814814814	0.0
9	0.0	0.010582010582010581	0.005291005291005291	0.9841269841269841
10	0.005291005291005291	0.0	0.9947089947089947	0.0
11	0.9629629629629629	0.026455026455026454	0.010582010582010581	0.0
12	0.8783068783068783	0.0	0.06878306878306878	0.05291005291005291
13	0.015873015873015872	0.021164021164021163	0.06349206349206349	0.8994708994708994
14	0.015873015873015872	0.037037037037037035	0.8994708994708994	0.047619047619047616
15	0.8571428571428571	0.06878306878306878	0.042328042328042326	0.031746031746031744
