Pos	A	C	G	T
1	0.2753623188405797	0.0	0.10144927536231885	0.6231884057971014
2	0.0	0.0	0.927536231884058	0.07246376811594203
3	0.028985507246376812	0.2898550724637681	0.028985507246376812	0.6521739130434783
4	0.9420289855072463	0.0	0.057971014492753624	0.0
5	0.11594202898550725	0.17391304347826086	0.0	0.7101449275362319
6	0.7971014492753623	0.0	0.07246376811594203	0.13043478260869565
7	0.0	1.0	0.0	0.0
8	0.9855072463768116	0.0	0.0	0.014492753623188406
9	0.10144927536231885	0.0	0.8695652173913043	0.028985507246376812
10	0.10144927536231885	0.37681159420289856	0.014492753623188406	0.5072463768115942
11	0.4927536231884058	0.07246376811594203	0.11594202898550725	0.3188405797101449
12	0.07246376811594203	0.0	0.927536231884058	0.0
13	0.07246376811594203	0.014492753623188406	0.782608695652174	0.13043478260869565
14	0.10144927536231885	0.4927536231884058	0.14492753623188406	0.2608695652173913
15	0.3188405797101449	0.13043478260869565	0.42028985507246375	0.13043478260869565
