Pos	A	C	G	T
1	0.15306122448979592	0.32653061224489793	0.04421768707482993	0.47619047619047616
2	0.034013605442176874	0.7755102040816326	0.06462585034013606	0.12585034013605442
3	0.003401360544217687	0.826530612244898	0.017006802721088437	0.15306122448979592
4	0.0	0.06462585034013606	0.006802721088435374	0.9285714285714286
5	0.003401360544217687	0.8707482993197279	0.030612244897959183	0.09523809523809523
6	0.023809523809523808	0.5	0.006802721088435374	0.46938775510204084
7	0.04421768707482993	0.7006802721088435	0.01020408163265306	0.24489795918367346
8	0.09183673469387756	0.25170068027210885	0.02040816326530612	0.6360544217687075
9	0.06462585034013606	0.5136054421768708	0.40476190476190477	0.017006802721088437
10	0.19727891156462585	0.24489795918367346	0.11224489795918367	0.445578231292517
11	0.07482993197278912	0.30952380952380953	0.3469387755102041	0.2687074829931973
12	0.06802721088435375	0.7278911564625851	0.06462585034013606	0.13945578231292516
13	0.08843537414965986	0.43197278911564624	0.027210884353741496	0.4523809523809524
14	0.02040816326530612	0.5204081632653061	0.08503401360544217	0.3741496598639456
15	0.09863945578231292	0.6258503401360545	0.08163265306122448	0.19387755102040816
16	0.19727891156462585	0.21768707482993196	0.10204081632653061	0.48299319727891155
17	0.04081632653061224	0.5	0.2653061224489796	0.19387755102040816
18	0.06462585034013606	0.46258503401360546	0.05782312925170068	0.41496598639455784
19	0.02040816326530612	0.41836734693877553	0.047619047619047616	0.5136054421768708
20	0.05442176870748299	0.5034013605442177	0.034013605442176874	0.40816326530612246
21	0.0782312925170068	0.6564625850340136	0.017006802721088437	0.24829931972789115
