Pos	A	C	G	T
1	0.024390243902439025	0.02195121951219512	0.00975609756097561	0.9439024390243902
2	0.046341463414634146	0.03170731707317073	0.8829268292682927	0.03902439024390244
3	0.014634146341463415	0.9170731707317074	0.012195121951219513	0.05609756097560976
4	0.01951219512195122	0.14390243902439023	0.007317073170731708	0.8292682926829268
5	0.041463414634146344	0.3926829268292683	0.4219512195121951	0.14390243902439023
6	0.004878048780487805	0.02195121951219512	0.007317073170731708	0.9658536585365853
7	0.12439024390243902	0.014634146341463415	0.8463414634146341	0.014634146341463415
8	0.02195121951219512	0.07804878048780488	0.0024390243902439024	0.8975609756097561
9	0.11219512195121951	0.004878048780487805	0.8658536585365854	0.01707317073170732
10	0.02195121951219512	0.8878048780487805	0.0024390243902439024	0.08780487804878048
11	0.9414634146341463	0.02195121951219512	0.014634146341463415	0.02195121951219512
12	0.07560975609756097	0.014634146341463415	0.9024390243902439	0.007317073170731708
13	0.01707317073170732	0.7731707317073171	0.012195121951219513	0.1975609756097561
14	0.007317073170731708	0.9292682926829269	0.01707317073170732	0.046341463414634146
15	0.004878048780487805	0.01707317073170732	0.0	0.9780487804878049
