Pos	A	C	G	T
1	0.24107142857142858	0.25297619047619047	0.08333333333333333	0.4226190476190476
2	0.017857142857142856	0.6428571428571429	0.044642857142857144	0.29464285714285715
3	0.0	0.0	0.0	1.0
4	0.0	0.0	0.0	1.0
5	1.0	0.0	0.0	0.0
6	1.0	0.0	0.0	0.0
7	0.9940476190476191	0.0	0.005952380952380952	0.0
8	0.002976190476190476	0.0	0.9970238095238095	0.0
9	0.14285714285714285	0.050595238095238096	0.7708333333333334	0.03571428571428571
10	0.14285714285714285	0.10119047619047619	0.7053571428571429	0.050595238095238096
11	0.3630952380952381	0.2261904761904762	0.4017857142857143	0.008928571428571428
12	0.13988095238095238	0.7648809523809523	0.01488095238095238	0.08035714285714286
13	0.5565476190476191	0.41964285714285715	0.01488095238095238	0.008928571428571428
14	0.09226190476190477	0.08630952380952381	0.7619047619047619	0.05952380952380952
15	0.15773809523809523	0.4255952380952381	0.24107142857142858	0.17559523809523808
16	0.25297619047619047	0.2708333333333333	0.37202380952380953	0.10416666666666667
17	0.16666666666666666	0.40476190476190477	0.25892857142857145	0.16964285714285715
18	0.10416666666666667	0.5654761904761905	0.15773809523809523	0.17261904761904762
19	0.16666666666666666	0.41964285714285715	0.20833333333333334	0.20535714285714285
