Pos	A	C	G	T
1	0.7551020408163265	0.0326530612244898	0.1469387755102041	0.0653061224489796
2	0.3306122448979592	0.0653061224489796	0.053061224489795916	0.5510204081632653
3	0.11836734693877551	0.1469387755102041	0.14285714285714285	0.5918367346938775
4	0.004081632653061225	0.8857142857142857	0.004081632653061225	0.10612244897959183
5	0.9959183673469387	0.0	0.004081632653061225	0.0
6	0.9877551020408163	0.0	0.00816326530612245	0.004081632653061225
7	0.2163265306122449	0.053061224489795916	0.6979591836734694	0.0326530612244898
8	0.9959183673469387	0.0	0.004081632653061225	0.0
9	0.0	0.0	0.0	1.0
10	0.0	0.0	1.0	0.0
11	0.004081632653061225	0.0	0.9959183673469387	0.0
12	0.9551020408163265	0.012244897959183673	0.012244897959183673	0.02040816326530612
13	0.024489795918367346	0.0	0.9714285714285714	0.004081632653061225
14	0.00816326530612245	0.00816326530612245	0.0	0.9836734693877551
15	0.06938775510204082	0.5224489795918368	0.02040816326530612	0.3877551020408163
16	0.4163265306122449	0.004081632653061225	0.4775510204081633	0.10204081632653061
17	0.012244897959183673	0.8448979591836735	0.12653061224489795	0.0163265306122449
