Pos	A	C	G	T
1	0.5806451612903226	0.12903225806451613	0.1935483870967742	0.0967741935483871
2	0.41935483870967744	0.0	0.5806451612903226	0.0
3	0.03225806451612903	0.16129032258064516	0.0967741935483871	0.7096774193548387
4	0.03225806451612903	0.06451612903225806	0.0967741935483871	0.8064516129032258
5	0.03225806451612903	0.7741935483870968	0.03225806451612903	0.16129032258064516
6	0.0	0.16129032258064516	0.0	0.8387096774193549
7	0.1935483870967742	0.06451612903225806	0.6774193548387096	0.06451612903225806
8	0.2903225806451613	0.03225806451612903	0.6774193548387096	0.0
9	0.06451612903225806	0.8387096774193549	0.0	0.0967741935483871
10	0.0967741935483871	0.9032258064516129	0.0	0.0
11	1.0	0.0	0.0	0.0
12	0.8387096774193549	0.0	0.16129032258064516	0.0
13	0.03225806451612903	0.06451612903225806	0.0	0.9032258064516129
14	0.1935483870967742	0.0	0.7741935483870968	0.03225806451612903
15	0.3225806451612903	0.0	0.6129032258064516	0.06451612903225806
16	0.3548387096774194	0.03225806451612903	0.5483870967741935	0.06451612903225806
17	0.8064516129032258	0.0	0.12903225806451613	0.06451612903225806
18	0.06451612903225806	0.06451612903225806	0.0967741935483871	0.7741935483870968
19	0.0967741935483871	0.0967741935483871	0.7419354838709677	0.06451612903225806
20	0.2903225806451613	0.12903225806451613	0.03225806451612903	0.5483870967741935
21	0.3870967741935484	0.03225806451612903	0.5161290322580645	0.06451612903225806
