Pos	A	C	G	T
1	0.024844720496894408	0.8354037267080745	0.027950310559006212	0.11180124223602485
2	0.09006211180124224	0.4254658385093168	0.08385093167701864	0.40062111801242234
3	0.10869565217391304	0.32298136645962733	0.14285714285714285	0.4254658385093168
4	0.10869565217391304	0.468944099378882	0.2267080745341615	0.1956521739130435
5	0.059006211180124224	0.40993788819875776	0.2111801242236025	0.3198757763975155
6	0.06832298136645963	0.6180124223602484	0.3136645962732919	0.0
7	0.19254658385093168	0.0	0.8043478260869565	0.003105590062111801
8	0.0	0.18012422360248448	0.8198757763975155	0.0
9	0.09316770186335403	0.6708074534161491	0.11490683229813664	0.12111801242236025
10	0.09937888198757763	0.5962732919254659	0.0	0.30434782608695654
11	0.19875776397515527	0.16459627329192547	0.2919254658385093	0.3447204968944099
12	0.0	1.0	0.0	0.0
13	0.0	0.9813664596273292	0.0	0.018633540372670808
14	0.052795031055900624	0.006211180124223602	0.9409937888198758	0.0
15	0.0	0.015527950310559006	0.0	0.984472049689441
