Pos	A	C	G	T
1	0.03164556962025317	0.00949367088607595	0.9367088607594937	0.022151898734177215
2	0.9018987341772152	0.0189873417721519	0.06645569620253164	0.012658227848101266
3	0.7816455696202531	0.0189873417721519	0.17721518987341772	0.022151898734177215
4	0.0	0.06645569620253164	0.04113924050632911	0.8924050632911392
5	0.06329113924050633	0.00949367088607595	0.9208860759493671	0.006329113924050633
6	0.9018987341772152	0.04746835443037975	0.0379746835443038	0.012658227848101266
7	0.7879746835443038	0.006329113924050633	0.20569620253164558	0.0
8	0.02531645569620253	0.03481012658227848	0.022151898734177215	0.9177215189873418
9	0.022151898734177215	0.0189873417721519	0.9556962025316456	0.0031645569620253164
10	0.9145569620253164	0.03481012658227848	0.0379746835443038	0.012658227848101266
11	0.810126582278481	0.006329113924050633	0.17088607594936708	0.012658227848101266
12	0.012658227848101266	0.10443037974683544	0.04430379746835443	0.8386075949367089
13	0.05063291139240506	0.00949367088607595	0.9082278481012658	0.03164556962025317
14	0.9588607594936709	0.00949367088607595	0.028481012658227847	0.0031645569620253164
15	0.7816455696202531	0.00949367088607595	0.2088607594936709	0.0
16	0.015822784810126583	0.028481012658227847	0.05063291139240506	0.9050632911392406
17	0.022151898734177215	0.0031645569620253164	0.9715189873417721	0.0031645569620253164
18	0.9556962025316456	0.0189873417721519	0.0189873417721519	0.006329113924050633
19	0.8417721518987342	0.00949367088607595	0.13291139240506328	0.015822784810126583
20	0.03481012658227848	0.08544303797468354	0.022151898734177215	0.8575949367088608
