Pos	A	C	G	T
1	0.028169014084507043	0.014084507042253521	0.9577464788732394	0.0
2	0.0	0.8450704225352113	0.1267605633802817	0.028169014084507043
3	0.0	0.8450704225352113	0.1056338028169014	0.04929577464788732
4	0.15492957746478872	0.035211267605633804	0.1056338028169014	0.704225352112676
5	0.028169014084507043	0.0	0.971830985915493	0.0
6	0.09154929577464789	0.04929577464788732	0.823943661971831	0.035211267605633804
7	0.06338028169014084	0.15492957746478872	0.7535211267605634	0.028169014084507043
8	0.07746478873239436	0.4154929577464789	0.176056338028169	0.33098591549295775
9	0.30985915492957744	0.19718309859154928	0.4647887323943662	0.028169014084507043
10	0.7464788732394366	0.1056338028169014	0.14788732394366197	0.0
11	0.09154929577464789	0.5704225352112676	0.2746478873239437	0.06338028169014084
