Pos	A	C	G	T
1	0.02880658436213992	0.8333333333333334	0.024691358024691357	0.11316872427983539
2	0.01646090534979424	0.8724279835390947	0.00823045267489712	0.102880658436214
3	0.01646090534979424	0.10493827160493827	0.024691358024691357	0.8539094650205762
4	0.9547325102880658	0.0102880658436214	0.030864197530864196	0.00411522633744856
5	0.04938271604938271	0.0	0.948559670781893	0.00205761316872428
6	0.02880658436213992	0.00205761316872428	0.9650205761316872	0.00411522633744856
7	0.9753086419753086	0.0	0.02263374485596708	0.00205761316872428
8	0.012345679012345678	0.0	0.9794238683127572	0.00823045267489712
9	0.030864197530864196	0.00205761316872428	0.9588477366255144	0.00823045267489712
10	0.7325102880658436	0.02263374485596708	0.23868312757201646	0.006172839506172839
11	0.7880658436213992	0.16872427983539096	0.012345679012345678	0.030864197530864196
12	0.9218106995884774	0.01646090534979424	0.00823045267489712	0.053497942386831275
13	0.7962962962962963	0.006172839506172839	0.18724279835390947	0.0102880658436214
14	0.9979423868312757	0.0	0.00205761316872428	0.0
15	0.9197530864197531	0.0	0.08024691358024691	0.0
16	0.006172839506172839	0.02263374485596708	0.00823045267489712	0.9629629629629629
17	0.00823045267489712	0.0	0.9917695473251029	0.0
