Pos	A	C	G	T
1	0.03496503496503497	0.03496503496503497	0.01048951048951049	0.9195804195804196
2	0.07342657342657342	0.02097902097902098	0.017482517482517484	0.8881118881118881
3	0.05944055944055944	0.006993006993006993	0.8846153846153846	0.04895104895104895
4	0.9475524475524476	0.006993006993006993	0.01048951048951049	0.03496503496503497
5	0.0034965034965034965	0.01048951048951049	0.9790209790209791	0.006993006993006993
6	0.965034965034965	0.0034965034965034965	0.027972027972027972	0.0034965034965034965
7	0.02097902097902098	0.6293706293706294	0.038461538461538464	0.3111888111888112
8	0.506993006993007	0.017482517482517484	0.4405594405594406	0.03496503496503497
9	0.05944055944055944	0.027972027972027972	0.8776223776223776	0.03496503496503497
10	0.7902097902097902	0.02097902097902098	0.17832167832167833	0.01048951048951049
11	0.06993006993006994	0.017482517482517484	0.9020979020979021	0.01048951048951049
12	0.0034965034965034965	0.04895104895104895	0.006993006993006993	0.9405594405594405
13	0.01048951048951049	0.8006993006993007	0.006993006993006993	0.18181818181818182
14	0.0034965034965034965	0.017482517482517484	0.006993006993006993	0.972027972027972
15	0.017482517482517484	0.6083916083916084	0.027972027972027972	0.34615384615384615
16	0.3181818181818182	0.04895104895104895	0.583916083916084	0.04895104895104895
17	0.0034965034965034965	0.9020979020979021	0.03146853146853147	0.06293706293706294
18	0.027972027972027972	0.05244755244755245	0.0034965034965034965	0.916083916083916
19	0.017482517482517484	0.8461538461538461	0.06993006993006994	0.06643356643356643
20	0.024475524475524476	0.03496503496503497	0.027972027972027972	0.9125874125874126
21	0.05244755244755245	0.045454545454545456	0.7167832167832168	0.1853146853146853
