Pos	A	C	G	T
1	0.1569767441860465	0.0	0.7790697674418605	0.06395348837209303
2	0.029069767441860465	0.046511627906976744	0.6453488372093024	0.27906976744186046
3	0.01744186046511628	0.9127906976744186	0.023255813953488372	0.046511627906976744
4	0.7674418604651163	0.005813953488372093	0.0	0.22674418604651161
5	0.38953488372093026	0.005813953488372093	0.5813953488372093	0.023255813953488372
6	0.9476744186046512	0.011627906976744186	0.03488372093023256	0.005813953488372093
7	0.4011627906976744	0.18604651162790697	0.05232558139534884	0.36046511627906974
8	0.023255813953488372	0.01744186046511628	0.005813953488372093	0.9534883720930233
9	0.06976744186046512	0.005813953488372093	0.9244186046511628	0.0
10	0.11046511627906977	0.03488372093023256	0.8372093023255814	0.01744186046511628
11	0.9476744186046512	0.0	0.040697674418604654	0.011627906976744186
12	0.029069767441860465	0.029069767441860465	0.011627906976744186	0.9302325581395349
13	0.5174418604651163	0.023255813953488372	0.11627906976744186	0.3430232558139535
14	0.7151162790697675	0.011627906976744186	0.0755813953488372	0.19767441860465115
15	0.7965116279069767	0.023255813953488372	0.05232558139534884	0.12790697674418605
