Pos	A	C	G	T
1	0.757842466771729	0.0715708721120395	0.162647557313193	0.00793910380303886
2	0.0	0.0	0.0	1.0
3	0.0	0.00419256043531266	0.734352234545509	0.261455205019179
4	0.882994855936487	0.0	0.117005144063513	0.0
5	0.0	0.793404894293955	0.0542356754185127	0.152359430287532
6	0.444173530373762	0.246409562605929	0.309416907020309	0.0
7	0.0	0.0	0.0	1.0
8	0.00356813654069162	0.996431863459308	0.0	0.0
9	1.0	0.0	0.0	0.0
10	0.0	0.241295233564271	0.0050251256281407	0.753679640807588
11	0.0535815170527192	0.468645000148672	0.0729089233147988	0.40486455948381
