Pos	A	C	G	T
1	0.689119170984456	0.0677776221817673	0.220697381319143	0.0224058255146338
2	0.0249264808850301	0.0231060075619661	0.017924660411707	0.934042851141297
3	0.0144237501750455	0.948046492087943	0.0221257526957009	0.0154040050413107
4	0.965130934042851	0.00854222097745414	0.00798207533958829	0.0183447696401064
5	0.00672174765439014	0.77048032488447	0.205433412687299	0.0173645147738412
6	0.0267469542080941	0.586332446436073	0.378378378378378	0.00854222097745414
7	0.01820473323064	0.0140036409466461	0.00630163842599076	0.961489987396723
8	0.00882229379638706	0.0309480464920879	0.950287074639406	0.00994258507211875
9	0.939644307519955	0.0165242963170424	0.0162442234981095	0.0275871726648929
10	0.019745133734771	0.203893012183168	0.0714185688278953	0.704943285254166
