Pos	A	C	G	T
1	0.026041666666666668	0.3958333333333333	0.041666666666666664	0.5364583333333334
2	0.078125	0.3177083333333333	0.0	0.6041666666666666
3	0.9166666666666666	0.026041666666666668	0.005208333333333333	0.052083333333333336
4	0.13541666666666666	0.026041666666666668	0.10416666666666667	0.734375
5	0.0	0.609375	0.0	0.390625
6	0.15625	0.010416666666666666	0.010416666666666666	0.8229166666666666
7	0.8489583333333334	0.0	0.15104166666666666	0.0
8	0.005208333333333333	0.036458333333333336	0.015625	0.9427083333333334
9	0.0	0.5833333333333334	0.036458333333333336	0.3802083333333333
10	0.4322916666666667	0.010416666666666666	0.0	0.5572916666666666
11	0.640625	0.08854166666666667	0.20833333333333334	0.0625
12	0.036458333333333336	0.171875	0.0	0.7916666666666666
13	0.17708333333333334	0.5520833333333334	0.010416666666666666	0.2604166666666667
14	0.3854166666666667	0.08854166666666667	0.0	0.5260416666666666
15	0.375	0.10416666666666667	0.09895833333333333	0.421875
