Pos	A	C	G	T
1	0.0754008016032064	0.256638276553106	0.591495490981964	0.0764654308617234
2	0.00989478957915832	0.965806613226453	0.0146543086172345	0.00964428857715431
3	0.00832915831663327	0.966432865731463	0.0135896793587174	0.0116482965931864
4	0.0271167334669339	0.0769664328657315	0.0462800601202405	0.849636773547094
5	0.031062124248497	0.0880511022044088	0.847695390781563	0.0331913827655311
6	0.862161823647295	0.0469689378757515	0.0734594188376753	0.0174098196392786
7	0.0180986973947896	0.0132765531062124	0.961360220440882	0.00726452905811623
8	0.0112725450901804	0.0117109218436874	0.959481462925852	0.0175350701402806
9	0.0816633266533066	0.623810120240481	0.226390280561122	0.0681362725450902
