Pos	A	C	G	T
1	0.785464155929964	0.0746425031856152	0.113502288923498	0.0263910519609231
2	0.00763603756666195	0.00910849969323706	0.00708858369908915	0.976166879041012
3	0.0136769078295342	0.0089952333758082	0.930935862947756	0.0463919958469017
4	0.965113974231913	0.0108263721742414	0.00468167445372599	0.0193779791401199
5	0.0438906980036812	0.19475199395913	0.71761763179008	0.0437396762471094
6	0.00873094530180754	0.00540846665722781	0.00613525886072962	0.979725329180235
7	0.0370003303600925	0.941875501439426	0.00824012459294917	0.0128840436075322
8	0.982594742555099	0.00418141488508188	0.00714521685780358	0.0060786257020152
9	0.0473830761244042	0.1943083675492	0.0960215206003115	0.662287035726084
