Pos	A	C	G	T
1	0.050794	0.501587	0.225397	0.222222
2	0.066667	0.52381	0.044444	0.365079
3	0.549206549206549	0.0222220222220222	0.00634900634900635	0.422222422222422
4	0.0	0.015873	0.034921	0.949206
5	0.022222	0.0	0.009524	0.968254
6	0.07619	0.273016	0.568254	0.08254
7	0.282540282540283	0.0126980126980127	0.0126980126980127	0.692063692063692
8	0.257143	0.228571	0.139683	0.374603
9	0.739683	0.015873	0.060317	0.184127
10	0.006349	0.0	0.038095	0.955556
11	0.003175	0.0	0.860317	0.136508
12	0.031746	0.647619	0.101587	0.219048
13	0.666667	0.031746	0.015873	0.285714
14	0.723809276190724	0.019047980952019	0.174602825397175	0.0825399174600825
15	0.888889	0.025397	0.04127	0.044444
