Pos	A	C	G	T
1	0.195561139028476	0.116834170854271	0.627721943048576	0.0598827470686767
2	0.0732830820770519	0.097571189279732	0.777638190954774	0.0515075376884422
3	0.0489949748743719	0.469011725293132	0.088358458961474	0.393634840871022
4	0.60929648241206	0.0741206030150754	0.277638190954774	0.0389447236180905
5	0.0255443886097152	0.0477386934673367	0.621021775544389	0.305695142378559
6	0.0159128978224456	0.95393634840871	0.00921273031825796	0.0209380234505863
7	0.419179229480737	0.0385259631490787	0.528894472361809	0.0134003350083752
8	0.00753768844221105	0.0108877721943049	0.977386934673367	0.00418760469011725
9	0.00963149078726968	0.954355108877722	0.0175879396984925	0.0184254606365159
10	0.694723618090452	0.0402010050251256	0.241206030150754	0.0238693467336683
11	0.0125628140703518	0.00837520938023451	0.974874371859296	0.00418760469011725
12	0.00795644891122278	0.959798994974874	0.0138190954773869	0.0184254606365159
13	0.142378559463987	0.0577889447236181	0.747068676716918	0.0527638190954774
14	0.0301507537688442	0.0561139028475712	0.898241206030151	0.0154941373534338
