Pos	A	C	G	T
1	0.161835748792271	0.0893719806763285	0.672705314009662	0.0760869565217391
2	0.0664251207729469	0.0579710144927536	0.774154589371981	0.101449275362319
3	0.0398550724637681	0.0591787439613527	0.851449275362319	0.0495169082125604
4	0.0869565217391304	0.0688405797101449	0.0845410628019324	0.759661835748792
5	0.0422705314009662	0.817632850241546	0.0809178743961353	0.0591787439613527
6	0.036231884057971	0.891304347826087	0.0422705314009662	0.0301932367149758
7	0.0555555555555556	0.0748792270531401	0.0640096618357488	0.805555555555556
8	0.0314009661835749	0.0289855072463768	0.905797101449275	0.0338164251207729
9	0.0736714975845411	0.0567632850241546	0.79951690821256	0.070048309178744
10	0.123188405797101	0.153381642512077	0.644927536231884	0.0785024154589372
