Pos	A	C	G	T
1	0.0453586497890295	0.444092827004219	0.0369198312236287	0.473628691983122
2	0.0590717299578059	0.55168776371308	0.069620253164557	0.319620253164557
3	0.470464135021097	0.0506329113924051	0.420886075949367	0.0580168776371308
4	0.110759493670886	0.00738396624472574	0.843881856540084	0.0379746835443038
5	0.00316455696202532	0.00632911392405063	0.987341772151899	0.00316455696202532
6	0.990506329113924	0.00210970464135021	0.00632911392405063	0.00105485232067511
7	0.00632911392405063	0.00210970464135021	0.990506329113924	0.00105485232067511
8	0.00949367088607595	0.0274261603375527	0.945147679324895	0.0179324894514768
9	0.00738396624472574	0.0548523206751055	0.00316455696202532	0.934599156118143
10	0.00105485232067511	0.909282700421941	0.0263713080168776	0.0632911392405063
11	0.167721518987342	0.0105485232067511	0.814345991561181	0.00738396624472574
12	0.940928270042194	0.0158227848101266	0.0390295358649789	0.00421940928270042
13	0.0548523206751055	0.0232067510548523	0.90506329113924	0.0168776371308017
14	0.191983122362869	0.128691983122363	0.627637130801688	0.0516877637130802
