Pos	A	C	G	T
1	0.0378326665507045	0.0296138458862411	0.0225256566359367	0.910027830927118
2	0.0203513654548617	0.00904505131327187	0.07453470168725	0.896068881544617
3	0.928552791789876	0.00956688119672987	0.0430509653852844	0.0188293616281092
4	0.0286571577665681	0.0657070794920856	0.0213950252217777	0.884240737519569
5	0.0634893024873891	0.0203078796312402	0.889676465472256	0.0265263524091146
6	0.0590537484779962	0.522003826752479	0.0197425639241607	0.399199860845364
7	0.950078274482519	0.0236128022264742	0.00743607583927639	0.0188728474517307
8	0.952817881370673	0.0109149417289963	0.0156548965037398	0.0206122803965907
9	0.0953644112019482	0.215646199339015	0.11745520960167	0.571534179857367
