Pos	A	C	G	T
1	0.136363636363636	0.616883116883117	0.107142857142857	0.13961038961039
2	0.112012987012987	0.595779220779221	0.141233766233766	0.150974025974026
3	0.162337662337662	0.655844155844156	0.103896103896104	0.0779220779220779
4	0.850649350649351	0.0194805194805195	0.099025974025974	0.0308441558441558
5	0.051948051948052	0.00487012987012987	0.930194805194805	0.012987012987013
6	0.0113636363636364	0.00811688311688312	0.970779220779221	0.00974025974025974
7	0.0357142857142857	0.00324675324675325	0.957792207792208	0.00324675324675325
8	0.987012987012987	0.00487012987012987	0.00487012987012987	0.00324675324675325
9	0.939935064935065	0.00649350649350649	0.0422077922077922	0.0113636363636364
10	0.00811688311688312	0.00162337662337662	0.987012987012987	0.00324675324675325
11	0.0568181818181818	0.672077922077922	0.0876623376623377	0.183441558441558
12	0.0243506493506494	0.957792207792208	0.00487012987012987	0.012987012987013
13	0.983766233766234	0.00324675324675325	0.0113636363636364	0.00162337662337662
14	0.0178571428571429	0.0762987012987013	0.0178571428571429	0.887987012987013
15	0.00162337662337662	0.157467532467532	0.0227272727272727	0.818181818181818
16	0.0178571428571429	0.209415584415584	0.100649350649351	0.672077922077922
17	0.025974025974026	0.905844155844156	0.012987012987013	0.0551948051948052
