Pos	A	C	G	T
1	0.0379958246346555	0.847599164926931	0.0960334029227557	0.0183716075156576
2	0.133194154488518	0.825469728601253	0.0308977035490605	0.0104384133611691
3	0.0112734864300626	0.0104384133611691	0.972025052192067	0.00626304801670146
4	0.00375782881002088	0.00626304801670146	0.977870563674322	0.0121085594989562
5	0.95741127348643	0.0129436325678497	0.0137787056367432	0.015866388308977
6	0.908559498956159	0.0421711899791232	0.0162839248434238	0.0329853862212944
7	0.044258872651357	0.0350730688935282	0.915240083507307	0.00542797494780793
8	0.0325678496868476	0.109394572025052	0.0501043841336117	0.807933194154488
9	0.0638830897703549	0.0784968684759916	0.804175365344468	0.0534446764091858
