Pos	A	C	G	T
1	0.688252344847664	0.0921990304165665	0.161664746908345	0.0578838778274243
2	0.0109995822943433	0.0104552991658545	0.00913889345974204	0.96940622508006
3	0.0126830626685063	0.00356948470311254	0.0299355720668835	0.953811880561498
4	0.117109476855309	0.0118476513550118	0.732719010670481	0.138323861119198
5	0.0145310937559333	0.950900598711441	0.00858195258407909	0.0259863549485463
6	0.789957343392023	0.0447451362606483	0.0854524511727403	0.0798450691745883
7	0.0771489690264927	0.778932445603332	0.020037213776692	0.123881371593484
8	0.910294545776743	0.0715795602698632	0.0043036340392137	0.0138222599141805
9	0.951571459311672	0.0130881105780793	0.0174803488475121	0.0178600812627369
10	0.0570358087667557	0.20496689999114	0.0925534473374429	0.645443843904662
