Pos	A	C	G	T
1	0.0800582241630277	0.480349344978166	0.125181950509461	0.314410480349345
2	0.0684133915574964	0.378457059679767	0.46433770014556	0.0887918486171761
3	0.0727802037845706	0.755458515283843	0.110625909752547	0.0611353711790393
4	0.344978165938865	0.180494905385735	0.141193595342067	0.333333333333333
5	0.0101892285298399	0.0320232896652111	0.934497816593887	0.0232896652110626
6	0.0160116448326055	0.930131004366812	0.0363901018922853	0.0174672489082969
7	0.00436681222707424	0.962154294032023	0.0189228529839884	0.0145560407569141
8	0.0320232896652111	0.0786026200873362	0.049490538573508	0.839883551673945
9	0.0116448326055313	0.049490538573508	0.917030567685589	0.0218340611353712
10	0.0465793304221252	0.049490538573508	0.877729257641921	0.0262008733624454
11	0.0407569141193595	0.0756914119359534	0.84570596797671	0.0378457059679767
12	0.110625909752547	0.586608442503639	0.129548762736536	0.173216885007278
