Pos	A	C	G	T
1	0.100134710372699	0.0395150426582847	0.814548720251459	0.0458015267175573
2	0.020655590480467	0.0170633138751684	0.937135159407274	0.0251459362370903
3	0.00628648405927256	0.958688819039066	0.00898069151324652	0.0260440053884149
4	0.00942972608890885	0.00898069151324652	0.0125729681185451	0.969016614279299
5	0.00314324202963628	0.964526268522676	0.0264930399640772	0.00583744948361024
6	0.703188145487203	0.183655141445891	0.0202065559048047	0.0929501571621015
7	0.91692860350247	0.023349797934441	0.0466995958688819	0.0130220026942075
8	0.0125729681185451	0.0112258643915582	0.933991917377638	0.0422092501122586
9	0.0740907049842838	0.266277503367759	0.519533004041311	0.140098787606646
