Pos	A	C	G	T
1	0.325743200506009	0.0619860847564832	0.512966476913346	0.0993042378241619
2	0.646426312460468	0.0917141049968374	0.171410499683744	0.09044908285895
3	0.160657811511701	0.235926628716003	0.0790638836179633	0.524351676154333
4	0.947501581277672	0.0113851992409867	0.0309930423782416	0.0101201771030993
5	0.958254269449715	0.00379506641366224	0.0139152435167615	0.0240354206198608
6	0.0196078431372549	0.00632511068943707	0.955724225173941	0.0183428209993675
7	0.948134092346616	0.032258064516129	0.010752688172043	0.00885515496521189
8	0.846932321315623	0.0271979759645794	0.0411132194813409	0.0847564832384567
9	0.021505376344086	0.915243516761543	0.0253004427577483	0.0379506641366224
10	0.932953826691967	0.00569259962049336	0.00569259962049336	0.0556609740670462
11	0.0271979759645794	0.0221378874130297	0.893738140417457	0.0569259962049336
12	0.104364326375712	0.549652118912081	0.117014547754586	0.228969006957622
