Pos	A	C	G	T
1	0.0423302598491199	0.0779547359597653	0.828164291701593	0.0515507124895222
2	0.00125733445096396	0.0259849119865884	0.97024308466052	0.00251466890192791
3	0.959346186085499	0.0188600167644593	0.0142497904442582	0.00754400670578374
4	0.00167644593461861	0.0088013411567477	0.987845766974015	0.00167644593461861
5	0.00461022632020117	0.968985750209556	0.0188600167644593	0.00754400670578374
6	0.00628667225481978	0.0171835708298407	0.968985750209556	0.00754400670578374
7	0.00838222967309304	0.0352053646269908	0.940905280804694	0.0155071248952221
8	0.0331098072087175	0.887678122380553	0.0507124895222129	0.0284995808885163
9	0.122799664710813	0.164291701592624	0.564543168482816	0.148365465213747
10	0.104777870913663	0.309304274937133	0.512154233025985	0.0737636211232188
