Pos	A	C	G	T
1	0.187785388127854	0.565639269406393	0.113013698630137	0.133561643835616
2	0.917808219178082	0.0182648401826484	0.0450913242009132	0.0188356164383562
3	0.886415525114155	0.0308219178082192	0.0393835616438356	0.04337899543379
4	0.466324200913242	0.0918949771689498	0.381278538812785	0.0605022831050228
5	0.984018264840183	0.00399543378995434	0.00742009132420091	0.0045662100456621
6	0.00342465753424658	0.00742009132420091	0.00399543378995434	0.985159817351598
7	0.00285388127853881	0.00285388127853881	0.993721461187215	0.000570776255707763
8	0.0142694063926941	0.0165525114155251	0.898401826484018	0.0707762557077626
9	0.0176940639269406	0.97203196347032	0.00399543378995434	0.00627853881278539
10	0.023972602739726	0.0662100456621005	0.185502283105023	0.724315068493151
11	0.0468036529680365	0.160388127853881	0.708333333333333	0.0844748858447489
12	0.0713470319634703	0.785958904109589	0.0445205479452055	0.0981735159817352
13	0.0947488584474886	0.615867579908676	0.106735159817352	0.182648401826484
