Pos	A	C	G	T
1	0.147198480531814	0.0579297245963913	0.269705603038936	0.525166191832859
2	0.0294396961063628	0.00379867046533713	0.955365622032289	0.0113960113960114
3	0.00949667616334283	0.0056980056980057	0.981006647673314	0.00379867046533713
4	0.00664767331433998	0.0056980056980057	0.982905982905983	0.00474833808167142
5	0.0142450142450142	0.0113960113960114	0.968660968660969	0.0056980056980057
6	0.984805318138652	0.00284900284900285	0.00949667616334283	0.00284900284900285
7	0.0180436847103514	0.963912630579297	0.0123456790123457	0.0056980056980057
8	0.746438746438746	0.135802469135802	0.0845204178537512	0.0332383665716999
9	0.0446343779677113	0.0807217473884141	0.105413105413105	0.769230769230769
10	0.0360873694207028	0.0256410256410256	0.901234567901235	0.037037037037037
11	0.129154795821462	0.581196581196581	0.050332383665717	0.239316239316239
12	0.38366571699905	0.199430199430199	0.165242165242165	0.251661918328585
13	0.233618233618234	0.100664767331434	0.482431149097816	0.183285849952517
14	0.141500474833808	0.0854700854700855	0.695156695156695	0.0778727445394112
15	0.11965811965812	0.11965811965812	0.648622981956315	0.112060778727445
