Pos	A	C	G	T
1	0.0732946901626003	0.123320433822186	0.272318091979604	0.531066784035609
2	0.0241824311979937	0.910744240894218	0.0215416299888721	0.0435316979189158
3	0.757461509076716	0.145343719377502	0.0304771711870318	0.0667176003587504
4	0.951203308475477	0.00614526067531432	0.026009400587952	0.0166420302612566
5	0.00353767709146473	0.989171054161338	0.00372037403046056	0.0035708947167367
6	0.975900612865186	0.00388646215682041	0.00264080120912156	0.0175721237688718
7	0.116544038266704	0.00925110863824345	0.852530352605092	0.02167450048996
8	0.0276370642262785	0.00773970668836885	0.938397913933133	0.0262253151522198
9	0.0146655815575744	0.0182364762743111	0.00430168247272002	0.962796259695394
10	0.129764653124948	0.0547426464482054	0.684116992476208	0.131375707950639
