Pos	A	C	G	T
1	0.0408776675683799	0.00901713255184851	0.935076645626691	0.0150285542530809
2	0.0114217012323414	0.00811541929666366	0.972648031259393	0.00781484821160204
3	0.961526901112113	0.0186354072738203	0.014126840997896	0.00571085061617072
4	0.434625788999098	0.00811541929666366	0.549143372407574	0.00811541929666366
5	0.0276525398256688	0.0111211301472798	0.946498346859032	0.0147279831680192
6	0.021941689209498	0.0258491133152991	0.0228434024646829	0.92936579501052
7	0.0129245566576495	0.00721370604147881	0.977156597535317	0.00270513976555455
8	0.961526901112113	0.0123234144875263	0.0186354072738203	0.00751427712654043
9	0.112714156898106	0.111211301472798	0.611361587015329	0.164712954613766
