Pos	A	C	G	T
1	0.539817232375979	0.229634464751958	0.190992167101828	0.039556135770235
2	0.814490861618799	0.0759791122715405	0.029242819843342	0.0802872062663185
3	0.0140992167101828	0.0120104438642298	0.961879895561358	0.0120104438642298
4	0.0181462140992167	0.92532637075718	0.0420365535248042	0.014490861618799
5	0.00835509138381201	0.984334203655353	0.00365535248041776	0.00365535248041776
6	0.00887728459530026	0.976370757180157	0.00704960835509138	0.0077023498694517
7	0.894386422976501	0.0391644908616188	0.0237597911227154	0.0426892950391645
8	0.864229765013055	0.012532637075718	0.10822454308094	0.0150130548302872
9	0.0240208877284595	0.945691906005222	0.0218015665796345	0.00848563968668407
10	0.149216710182768	0.656527415143603	0.0617493472584856	0.132506527415144
