Pos	A	C	G	T
1	0.309872241579559	0.484204413472706	0.077061556329849	0.128861788617886
2	0.981184668989547	0.00685249709639954	0.00615563298490128	0.00580720092915215
3	0.958304297328688	0.0062137049941928	0.0132984901277584	0.0221835075493612
4	0.0495354239256678	0.920789779326365	0.0252613240418118	0.00441347270615563
5	0.991114982578397	0.00220673635307782	0.00226480836236934	0.00441347270615563
6	0.0112659698025552	0.00418118466898955	0.980081300813008	0.00447154471544715
7	0.92212543554007	0.0487804878048781	0.00958188153310104	0.0195121951219512
8	0.983333333333333	0.00522648083623694	0.00638792102206737	0.00505226480836237
9	0.826248548199768	0.0177700348432056	0.0333914053426249	0.122590011614402
10	0.144134727061556	0.434030197444832	0.21335656213705	0.208478513356562
11	0.0792682926829268	0.884552845528455	0.00632984901277584	0.029849012775842
