Pos	A	C	G	T
1	0.822282810757219	0.0462262981782129	0.102986739372909	0.0285041516916594
2	0.91436361383071	0.00247862188623126	0.0534143016482836	0.0297434626347751
3	0.0063204858098897	0.00830338331887471	0.631057132234478	0.354318998636758
4	0.983393233362251	0.0117734539595985	0.00247862188623126	0.00235469079191969
5	0.991696616681125	0.00322220845210063	0.00260255298054282	0.00247862188623126
6	0.98971371917214	0.00185896641467344	0.00582476143264345	0.00260255298054282
7	0.00830338331887471	0.979551369438592	0.0043375883009047	0.00780765894162846
8	0.0404015367455695	0.928491758582228	0.00694014128144751	0.0241665633907547
9	0.203866650142521	0.21254182674433	0.0397818812740117	0.543809641839137
