Pos	A	C	G	T
1	0.0397022332506203	0.711538461538462	0.098014888337469	0.150744416873449
2	0.0179900744416873	0.261166253101737	0.108560794044665	0.612282878411911
3	0.0347394540942928	0.576923076923077	0.0682382133995037	0.320099255583127
4	0.0248138957816377	0.0167493796526055	0.950992555831266	0.00744416873449132
5	0.00558312655086849	0.00930521091811414	0.982009925558313	0.00310173697270471
6	0.00620347394540943	0.00930521091811414	0.982630272952854	0.00186104218362283
7	0.97394540942928	0.010545905707196	0.00744416873449132	0.00806451612903226
8	0.00372208436724566	0.00558312655086849	0.990074441687345	0.000620347394540943
9	0.00682382133995037	0.0043424317617866	0.985111662531017	0.00372208436724566
10	0.021712158808933	0.926178660049628	0.0142679900744417	0.0378411910669975
11	0.0527295285359802	0.112282878411911	0.307071960297767	0.527915632754343
12	0.0179900744416873	0.0291563275434243	0.942307692307692	0.010545905707196
13	0.796526054590571	0.0514888337468983	0.135235732009926	0.0167493796526055
14	0.0409429280397022	0.0415632754342432	0.905707196029777	0.0117866004962779
15	0.0707196029776675	0.114764267990074	0.784119106699752	0.0303970223325062
16	0.0285359801488834	0.634615384615385	0.0812655086848635	0.255583126550869
