Pos	A	C	G	T
1	0.0961098398169336	0.034324942791762	0.0961098398169336	0.773455377574371
2	0.0366132723112128	0.0274599542334096	0.901601830663616	0.034324942791762
3	0.0068649885583524	0.961098398169336	0.0068649885583524	0.0251716247139588
4	0.0869565217391304	0.0274599542334096	0.0091533180778032	0.876430205949657
5	0.919908466819222	0.0297482837528604	0.0274599542334096	0.022883295194508
6	0.967963386727689	0.0045766590389016	0.022883295194508	0.0045766590389016
7	0.0617848970251716	0.0251716247139588	0.0045766590389016	0.908466819221968
8	0.0045766590389016	0.0183066361556064	0.899313501144165	0.0778032036613272
9	0.0068649885583524	0.981693363844394	0.0068649885583524	0.0045766590389016
10	0.640732265446224	0.0983981693363844	0.0366132723112128	0.224256292906178
11	0.544622425629291	0.022883295194508	0.405034324942792	0.0274599542334096
12	0.0068649885583524	0.940503432494279	0.00915331807780321	0.0434782608695652
13	0.661327231121282	0.157894736842105	0.045766590389016	0.135011441647597
