Pos	A	C	G	T
1	0.0724939299340964	0.84460631286854	0.0230662504335761	0.0598335067637877
2	0.194242108914325	0.749913284772806	0.0119667013527575	0.043877904960111
3	0.935483870967742	0.0104058272632674	0.0360735345126604	0.0180367672563302
4	0.784252514741589	0.00294831772459244	0.193548387096774	0.0192507804370447
5	0.00745750953867499	0.00242802636142907	0.986992715920916	0.00312174817898023
6	0.985258411377038	0.00398890045091918	0.00763093999306278	0.00312174817898023
7	0.950225459590704	0.00225459590704128	0.0352063822407215	0.0123135622615331
8	0.0856746444675685	0.00693721817551162	0.892126257370794	0.0152618799861256
9	0.981789802289282	0.00711064862989941	0.00676378772112383	0.00433576135969476
10	0.697190426638918	0.140131807145335	0.0282691640652099	0.134408602150538
11	0.0350329517863337	0.068678459937565	0.0369406867845994	0.859347901491502
