Pos	A	C	G	T
1	0.0708729472774417	0.104580812445981	0.707865168539326	0.116681071737252
2	0.0950734658599827	0.0423509075194468	0.125324114088159	0.737251512532411
3	0.859982713915298	0.0501296456352636	0.0553154710458081	0.0345721694036301
4	0.0164217804667243	0.921348314606742	0.0129645635263613	0.0492653414001729
5	0.0579083837510804	0.892826274848747	0.0129645635263613	0.0363007778738116
6	0.909248055315471	0.00432152117545376	0.0717372515125324	0.0146931719965428
7	0.0492653414001729	0.00777873811581677	0.932584269662921	0.010371650821089
8	0.277441659464131	0.00950734658599827	0.709593777009507	0.00345721694036301
9	0.984442523768366	0.0017286084701815	0.00950734658599827	0.00432152117545376
10	0.0276577355229041	0.00432152117545376	0.960242005185825	0.00777873811581677
11	0.0224719101123595	0.0146931719965428	0.00432152117545376	0.958513396715644
12	0.0553154710458081	0.00691443388072602	0.902333621434745	0.0354364736387208
13	0.0233362143474503	0.00777873811581677	0.958513396715644	0.010371650821089
14	0.0276577355229041	0.0267934312878133	0.913569576490925	0.0319792566983578
15	0.108902333621435	0.0293863439930856	0.829732065687122	0.0319792566983578
