Pos	A	C	G	T
1	0.0765957446808511	0.2	0.133333333333333	0.590070921985816
2	0.269503546099291	0.638297872340426	0.0808510638297872	0.0113475177304965
3	0.0652482269503546	0.167375886524823	0.113475177304965	0.653900709219858
4	0.0	1.0	0.0	0.0
5	0.049645390070922	0.0	0.947517730496454	0.00283687943262411
6	0.00425531914893617	0.946099290780142	0.0	0.049645390070922
7	0.0	0.0	1.0	0.0
8	0.852482269503546	0.00709219858156028	0.126241134751773	0.0141843971631206
9	0.0099290780141844	0.0156028368794326	0.934751773049645	0.0397163120567376
10	0.852482269503546	0.0453900709219858	0.0936170212765957	0.00851063829787234
