Pos	A	C	G	T
1	0.532231711845525	0.0894541403639064	0.223876717415522	0.154437430375046
2	0.615670256219829	0.0774972150018567	0.201448199034534	0.10538432974378
3	0.641069439287041	0.0290011139992573	0.145636836242109	0.184292610471593
4	0.129261047159302	0.0860007426661716	0.746862235425176	0.0378759747493502
5	0.732231711845525	0.0679168213887857	0.167731154845897	0.0321203119197921
6	0.0383958410694393	0.00479019680653546	0.946602302265132	0.0102116598588934
7	0.0158187894541404	0.00568139621240253	0.970850352766432	0.00764946156702562
8	0.976494615670256	0.00902339398440401	0.00742666171555886	0.00705532862978091
9	0.968696620868919	0.0058299294467137	0.00876346082435945	0.0167099888600074
10	0.0536576308949127	0.0934274043817304	0.844040103973264	0.00887486075009284
11	0.0491273672484218	0.0248421834385444	0.0229855180096547	0.903044931303379
12	0.0318975120683253	0.063906424062384	0.890122539918307	0.014073523950984
13	0.56178982547345	0.118566654288897	0.238730040846639	0.0809134793910137
