Pos	A	C	G	T
1	0.0848881925651617	0.0320467169918815	0.0716422162085173	0.811422874234439
2	0.0324740065517733	0.032331576698476	0.912405640222191	0.0227887765275602
3	0.915254237288136	0.0178037316621564	0.0304799886056117	0.0364620424440963
4	0.0477140008545791	0.112234724398234	0.702036746902151	0.138014527845036
5	0.035180173764421	0.028343540806153	0.0405925081897166	0.895883777239709
6	0.0207947585813987	0.0344680244979348	0.932915539096995	0.0118216778236718
7	0.877937615724256	0.0153824241561031	0.0860276313915397	0.0206523287281014
8	0.0213644779945877	0.929212362911266	0.0297678393391255	0.0196553197550207
9	0.867540236433556	0.0183734510753454	0.0605326876513317	0.0535536248397664
10	0.0525566158666857	0.0586810995584675	0.810568295114656	0.0781939894601908
11	0.12590799031477	0.196125907990315	0.580686511892893	0.0972795898020225
