Pos	A	C	G	T
1	0.130670870555264	0.0406626129169482	0.0831268923754473	0.745539624152341
2	0.0413882841628506	0.0290268498360984	0.903485724294973	0.0260991417060781
3	0.919825838900983	0.0169656932662713	0.0332807847258714	0.0299276831068739
4	0.0581788154042489	0.103170432650201	0.655156019317869	0.183494732627681
5	0.0285263869078898	0.0219703225483572	0.0256987713635112	0.923804519180242
6	0.0138878462577885	0.0251232389960714	0.943697920576533	0.0172909941696069
7	0.910191927532968	0.0102594900282762	0.0615319170232465	0.0180166654155093
8	0.0162900683131897	0.94702599904912	0.0145134249180492	0.0221705077196407
9	0.85033656131922	0.0236218502114456	0.0602557365563146	0.0657858519130195
10	0.0686885368966294	0.119085153767235	0.684808447814228	0.127417861521908
