Pos	A	C	G	T
1	0.0647686832740214	0.793866443374503	0.100879212895122	0.0404856604563534
2	0.882646012141511	0.0845300397739167	0.0195101528155746	0.0133137952689973
3	0.00669876491521876	0.00881306259158468	0.976386853673854	0.00810131881934268
4	0.013585932593678	0.0105714883818296	0.962319447351894	0.0135231316725979
5	0.961482101737492	0.0166631777266067	0.0141511408833996	0.00770357965250157
6	0.947100690810132	0.0147582164538413	0.0163073058404857	0.0218337868955411
7	0.0850533807829181	0.032865815365292	0.873728281348126	0.00835252250366339
8	0.0629893238434164	0.0417207452375968	0.0420138162026376	0.853276114716349
9	0.119070546368013	0.0886749005652083	0.727590537994557	0.0646640150722211
