Pos	A	C	G	T
1	0.16640762265171	0.663772131369104	0.0535545343965401	0.116265711582646
2	0.899445871063657	0.021252872009731	0.0577780781186647	0.021523178807947
3	0.0076023786998243	0.0198675496688742	0.010710906879308	0.961819164751994
4	0.82335450736586	0.076564400594675	0.0276050817678065	0.0724760102716583
5	0.92056358967428	0.0193945127719962	0.0115894039735099	0.0484524935802135
6	0.921036626571158	0.0254764157318557	0.0192255710231112	0.0342613866738748
7	0.0237869982430058	0.0153061224489796	0.011048790377078	0.949858088930937
8	0.0776456277875389	0.807338829571564	0.0187525341262333	0.0962630085146641
9	0.876638734964184	0.0286525206108934	0.0118934991215029	0.0828152453034194
