Pos	A	C	G	T
1	0.0517776554760594	0.0991964777105118	0.121012658227848	0.728013208585581
2	0.0290809025866813	0.763126031920748	0.0422674738580077	0.165525591634562
3	0.0125041276829939	0.952250963126032	0.00816730875068795	0.0270776004402862
4	0.0142652724270776	0.936973032471106	0.00975233902036324	0.0390093560814529
5	0.055894331315355	0.873417721518987	0.0189763346175014	0.0517116125481563
6	0.764887176664832	0.037578425976885	0.0379306549257017	0.159603742432581
7	0.077094111172262	0.0179196477710512	0.852570170610897	0.0524160704457898
8	0.0576114474408365	0.0108970831040176	0.916917996697854	0.0145734727572922
9	0.0333516785910842	0.0100165107319758	0.941970280682444	0.0146615299944964
10	0.194958723170061	0.0541992294991745	0.721210787011557	0.0296312603192075
11	0.696444689047881	0.139900935608145	0.109124931205283	0.0545294441386901
