Pos	A	C	G	T
1	0.154043645699615	0.0394278378874014	0.102879149092243	0.703649367320741
2	0.0302585732624244	0.0102695763799743	0.928846506510178	0.0306253438474234
3	0.65615257656336	0.0584999083073538	0.0500641848523748	0.235283330276912
4	0.89583715386026	0.048413717219879	0.0121034293049697	0.0436456996148909
5	0.967357417935082	0.00715202640748212	0.0135705116449661	0.0119200440124702
6	0.0348432055749129	0.800843572345498	0.0311754997249221	0.133137722354667
7	0.107463781404731	0.764533284430589	0.0359435173299101	0.0920594168347699
8	0.059600220062351	0.0540986612873647	0.0320924261874198	0.854208692462864
9	0.0588666788923528	0.0209059233449477	0.885750962772786	0.0344764349899138
10	0.953970291582615	0.0137538969374656	0.015587749862461	0.0166880616174583
11	0.101412066752246	0.112781954887218	0.218778653951953	0.567027324408582
