Pos	A	C	G	T
1	0.190935970903001	0.065285082554884	0.0256168720726378	0.718162074469477
2	0.968181699243792	0.0	0.031818300756208	0.0
3	1.0	0.0	0.0	0.0
4	0.136797760159092	0.305492320171651	0.0523850642384279	0.505324855430829
5	0.0	0.431169374885522	0.130334667817987	0.438495957296491
6	0.0	0.365046968626527	0.160321322971452	0.47463170840202
7	0.92309705105058	0.0755946306617474	0.0	0.00130831828767303
8	1.0	0.0	0.0	0.0
9	0.0	0.0	0.0	1.0
10	0.0	0.97883141010545	0.0	0.0211685898945496
11	0.884370829735458	0.0	0.0	0.115629170264542
