Pos	A	C	G	T
1	0.61064838372747	0.116205575939366	0.161091620021961	0.112054420311203
2	0.0494924877473955	0.860735424087415	0.0639813599721471	0.0257907281930421
3	0.891962827070891	0.0820589731915691	0.0153458849995983	0.0106323147379416
4	0.00618656096842444	0.00736495353383861	0.977074908272852	0.00937357722488551
5	0.0101234634028763	0.00725782693698278	0.967379951257398	0.0152387584027424
6	0.967620986100324	0.0126141567797745	0.0100431184552345	0.00972173866466697
7	0.893650070971371	0.0130158815179839	0.0110340394761509	0.0823000080344948
8	0.113420284421115	0.0350036155226439	0.83708722783149	0.0144888722247516
9	0.0895310533222636	0.104153833793085	0.0842550684271137	0.722060044457538
