Pos	A	C	G	T
1	0.984128047147067	0.00405170104473614	0.00632869006161264	0.00549156174658452
2	0.0100120546477364	0.958076613983391	0.00619474953120814	0.0257165818376641
3	0.920338869541923	0.0121551031342084	0.0565563889633003	0.0109496383605679
4	0.176667559603536	0.216648807929279	0.321390302705599	0.285293329761586
5	0.27708947227431	0.222810072327886	0.222877042593089	0.277223412804715
6	0.285527725689794	0.321524243236003	0.216481382266274	0.176466648807929
7	0.010983123493169	0.056757299758907	0.0121885882668095	0.920070988481114
8	0.0256161264398607	0.00619474953120814	0.958244039646397	0.00994508438253416
9	0.00579292793999464	0.00636217519421377	0.00408518617733726	0.983759710688454
