Pos	A	C	G	T
1	0.824313190715645	0.0177277763572829	0.130387226909855	0.0275718060172164
2	0.0865933691298048	0.870422455183386	0.0273161169351402	0.0156680587516691
3	0.967442256882298	0.00917639705673457	0.0134378817580045	0.00994346430296315
4	0.00759964771726469	0.00994346430296315	0.00917639705673457	0.973280490923038
5	0.0706838262450638	0.00883547828063297	0.017187988295122	0.903292707179181
6	0.0191482712577062	0.951063950680417	0.0108667859882383	0.0189209920736385
7	0.00997187420097162	0.960751725901304	0.00531265092758317	0.0239637489701412
8	0.81238103355209	0.024560356828319	0.029134350407682	0.133924259211909
9	0.129605954714623	0.0882837580613086	0.679792039546578	0.102318247677491
