Pos	A	C	G	T
1	0.0969202898550725	0.672327898550725	0.105751811594203	0.125
2	0.0477807971014493	0.238903985507246	0.0364583333333333	0.676856884057971
3	0.0158514492753623	0.00815217391304348	0.0844655797101449	0.891530797101449
4	0.00339673913043478	0.00249094202898551	0.992300724637681	0.00181159420289855
5	0.00452898550724638	0.00520833333333333	0.986639492753623	0.0036231884057971
6	0.0407608695652174	0.949048913043478	0.00701992753623188	0.00317028985507246
7	0.698143115942029	0.102128623188406	0.0409873188405797	0.158740942028986
8	0.105978260869565	0.639039855072464	0.120471014492754	0.134510869565217
9	0.314311594202899	0.260190217391304	0.179347826086957	0.246150362318841
10	0.492527173913043	0.13768115942029	0.269474637681159	0.100317028985507
11	0.123188405797101	0.0396286231884058	0.117527173913044	0.719655797101449
12	0.00407608695652174	0.00611413043478261	0.956295289855073	0.0335144927536232
13	0.0036231884057971	0.990036231884058	0.00271739130434783	0.0036231884057971
14	0.00249094202898551	0.993885869565217	0.00249094202898551	0.00113224637681159
15	0.92866847826087	0.0366847826086957	0.00452898550724638	0.0301177536231884
16	0.182971014492754	0.0437047101449275	0.711503623188406	0.061820652173913
17	0.125679347826087	0.11911231884058	0.65919384057971	0.0960144927536232
