Pos	A	C	G	T
1	0.207594936708861	0.177215189873418	0.559493670886076	0.0556962025316456
2	0.488607594936709	0.0151898734177215	0.493670886075949	0.00253164556962025
3	0.0	0.020253164556962	0.926582278481013	0.0531645569620253
4	0.0253164556962025	0.00759493670886076	0.89873417721519	0.0683544303797468
5	0.00759493670886076	0.0	0.2	0.792405063291139
6	0.0151898734177215	0.782278481012658	0.136708860759494	0.0658227848101266
7	0.868354430379747	0.0	0.121518987341772	0.010126582278481
8	0.473417721518987	0.0	0.526582278481013	0.0
9	0.820253164556962	0.0	0.179746835443038	0.0
10	0.0253164556962025	0.0	0.974683544303797	0.0
11	0.0278481012658228	0.0	0.850632911392405	0.121518987341772
12	0.0	0.0683544303797468	0.225316455696203	0.706329113924051
13	0.0227848101265823	0.79746835443038	0.0886075949367089	0.0911392405063291
14	0.734177215189873	0.0	0.232911392405063	0.0329113924050633
