Pos	A	C	G	T
1	0.656314448623074	0.0116462452990416	0.310930486473371	0.0211088196045129
2	0.0520441586800922	0.0	0.86982894577217	0.0781268955477375
3	0.00715758825670266	0.0	0.987868494480165	0.00497391726313235
4	0.00897731408467791	0.0178333131141575	0.119980589591168	0.853208783209996
5	0.0	0.924542035666626	0.0646609244207206	0.0107970399126532
6	0.982409316996239	0.00012131505519835	0.00691495814630596	0.0105544098022565
7	0.0609001577095718	0.509765861943467	0.332160621133083	0.0971733592138784
8	0.253791095474948	0.392454203566663	0.204779813174815	0.148974887783574
9	0.219337619798617	0.304500788547859	0.263617614946015	0.212543976707509
10	0.194346718427757	0.118282178818391	0.0646609244207206	0.622710178333131
11	0.13599417687735	0.0482833919689433	0.807715637510615	0.00800679364309111
12	0.397670750940192	0.249423753487808	0.168749241780905	0.184156253791095
13	0.052650733956084	0.784787092078127	0.0440373650370011	0.118524808928788
14	0.134781026325367	0.710178333131142	0.0	0.155040640543491
15	0.101176756035424	0.328521169477132	0.0735169234502002	0.496785151037244
