Pos	A	C	G	T
1	0.0886708982496634	0.247970763608386	0.0711675322177342	0.592190805924216
2	0.0373918061165609	0.840700134641277	0.0893633391036738	0.0325447201384882
3	0.949451817657242	0.0136564723985382	0.0213887286016542	0.0155029813425659
4	0.951875360646278	0.0159646085785728	0.021888824773995	0.0102712060011541
5	0.018465089440277	0.0130794383535295	0.949259472975572	0.0191959992306213
6	0.00857857280246201	0.00561646470475091	0.974495095210617	0.0113098672821696
7	0.0385843431429121	0.014579726870552	0.0365070205808809	0.910328909405655
8	0.0112713983458357	0.922831313714176	0.0302365839584536	0.0356607039815349
9	0.948182342758223	0.00869397961146374	0.030044239276784	0.0130794383535295
