Pos	A	C	G	T
1	0.314815	0.407407	0.074074	0.203704
2	0.351852	0.074074	0.12963	0.444444
3	0.12963	0.037037	0.055556	0.777778
4	0.407407	0.074074	0.018519	0.5
5	0.518519	0.055556	0.166667	0.259259
6	0.351852	0.12963	0.277778	0.240741
7	0.296296	0.037037	0.148148	0.518519
8	0.166667	0.0	0.833333	0.0
9	0.092593	0.037037	0.0	0.87037
10	0.037037	0.944444	0.018519	0.0
11	0.0	0.0	0.907407	0.092593
12	0.0	0.0	1.0	0.0
13	0.407407	0.574074	0.018519	0.0
14	0.277778	0.0	0.555556	0.166667
15	0.018519	0.111111	0.833333	0.037037
16	0.537037	0.111111	0.12963	0.222222
17	0.203704	0.388889	0.074074	0.333333
18	0.62963	0.037037	0.203704	0.12963
19	0.37037	0.185185	0.222222	0.222222
20	0.407407	0.074074	0.203704	0.314815
21	0.740741	0.0	0.074074	0.185185
22	0.722222	0.0	0.092593	0.185185
23	0.574074	0.055556	0.055556	0.314815
24	0.222222	0.166667	0.12963	0.481481
