Pos	A	C	G	T
1	0.189024390243902	0.201219512195122	0.445121951219512	0.164634146341463
2	0.292682926829268	0.115853658536585	0.0426829268292683	0.548780487804878
3	0.189024390243902	0.0	0.804878048780488	0.00609756097560976
4	0.0914634146341463	0.902439024390244	0.0	0.00609756097560976
5	0.0	0.0	0.0	1.0
6	0.0	0.00609756097560976	0.98780487804878	0.00609756097560976
7	0.00609756097560976	0.981707317073171	0.0121951219512195	0.0
8	0.0	0.00609756097560976	0.0	0.99390243902439
9	0.024390243902439	0.00609756097560976	0.871951219512195	0.0975609756097561
10	0.719512195121951	0.0121951219512195	0.219512195121951	0.0487804878048781
11	0.963414634146341	0.0	0.0304878048780488	0.00609756097560976
12	0.817073170731707	0.024390243902439	0.0731707317073171	0.0853658536585366
13	0.292682926829268	0.146341463414634	0.26219512195122	0.298780487804878
14	0.195121951219512	0.25	0.341463414634146	0.213414634146341
15	0.329268292682927	0.231707317073171	0.164634146341463	0.274390243902439
