Pos	A	C	G	T
1	0.228260869565217	0.228260869565217	0.282608695652174	0.260869565217391
2	0.282608695652174	0.41304347826087	0.206521739130435	0.0978260869565217
3	0.271739130434783	0.0108695652173913	0.16304347826087	0.554347826086957
4	0.0	0.0	0.978260869565217	0.0217391304347826
5	0.0	1.0	0.0	0.0
6	0.0	0.0	0.0434782608695652	0.956521739130435
7	0.0760869565217391	0.0	0.782608695652174	0.141304347826087
8	0.66304347826087	0.0543478260869565	0.228260869565217	0.0543478260869565
9	0.989130434782609	0.0108695652173913	0.0	0.0
10	0.934782608695652	0.0108695652173913	0.0217391304347826	0.0326086956521739
11	0.0434782608695652	0.847826086956522	0.0434782608695652	0.0652173913043478
12	0.206521739130435	0.206521739130435	0.141304347826087	0.445652173913043
13	0.260869565217391	0.0978260869565217	0.532608695652174	0.108695652173913
14	0.0543478260869565	0.467391304347826	0.456521739130435	0.0217391304347826
15	0.0	0.91304347826087	0.0108695652173913	0.0760869565217391
16	0.0	0.0108695652173913	0.0	0.989130434782609
17	0.0108695652173913	0.0	0.793478260869565	0.195652173913043
18	0.0869565217391304	0.880434782608696	0.0217391304347826	0.0108695652173913
19	0.217391304347826	0.25	0.0434782608695652	0.489130434782609
20	0.260869565217391	0.119565217391304	0.326086956521739	0.293478260869565
