Pos	A	C	G	T
1	0.278668310727497	0.20098643649815	0.18249075215783	0.337854500616523
2	0.286066584463625	0.197287299630086	0.266337854500617	0.250308261405672
3	0.262638717632552	0.270036991368681	0.181257706535142	0.286066584463625
4	0.281134401972873	0.204685573366215	0.20098643649815	0.313193588162762
5	0.20098643649815	0.175092478421702	0.351418002466091	0.272503082614057
6	0.175092478421702	0.316892725030826	0.256473489519112	0.25154130702836
7	0.224414303329223	0.0900123304562269	0.0591861898890259	0.626387176325524
8	0.175092478421702	0.0135635018495684	0.808877928483354	0.00246609124537608
9	0.0456226880394575	0.928483353884094	0.0	0.0258939580764488
10	0.00369913686806412	0.00369913686806412	0.0061652281134402	0.986436498150432
11	0.0110974106041924	0.00739827373612824	0.974106041923551	0.00739827373612824
12	0.0110974106041924	0.983970406905055	0.00123304562268804	0.00369913686806412
13	0.00863131935881628	0.00123304562268804	0.00739827373612824	0.982737361282367
14	0.0123304562268804	0.0061652281134402	0.871763255240444	0.109741060419236
15	0.86806411837238	0.0419235511713933	0.06288532675709	0.0271270036991369
16	0.929716399506782	0.0061652281134402	0.0197287299630086	0.0443896424167694
17	0.786683107274969	0.0221948212083847	0.0838471023427867	0.107274969173859
18	0.244143033292232	0.378545006165228	0.139334155363748	0.237977805178792
19	0.339087546239211	0.247842170160296	0.183723797780518	0.229346485819975
20	0.316892725030826	0.197287299630086	0.219482120838471	0.266337854500617
