Pos	A	C	G	T
1	0.189873417721519	0.30379746835443	0.322784810126582	0.183544303797468
2	0.39873417721519	0.0759493670886076	0.0	0.525316455696203
3	0.139240506329114	0.0506329113924051	0.80379746835443	0.00632911392405063
4	0.0569620253164557	0.943037974683544	0.0	0.0
5	0.0	0.0	0.0	1.0
6	0.0	0.0	1.0	0.0
7	0.0	1.0	0.0	0.0
8	0.0	0.00632911392405063	0.0	0.993670886075949
9	0.0189873417721519	0.00632911392405063	0.962025316455696	0.0126582278481013
10	0.987341772151899	0.0	0.0126582278481013	0.0
11	0.962025316455696	0.00632911392405063	0.0316455696202532	0.0
12	0.962025316455696	0.0	0.0126582278481013	0.0253164556962025
13	0.0	0.987341772151899	0.00632911392405063	0.00632911392405063
14	0.392405063291139	0.487341772151899	0.0506329113924051	0.069620253164557
15	0.259493670886076	0.265822784810127	0.0949367088607595	0.379746835443038
