Pos	A	C	G	T
1	0.197492	0.031348	0.727273	0.043887
2	0.119122	0.028213	0.793103	0.059561
3	0.15047	0.025078	0.789969	0.034483
4	0.902821	0.0	0.097179	0.0
5	0.0	0.00627	0.00627	0.987461
6	0.021944	0.028213	0.015674	0.934169
7	0.934169	0.015674	0.040752	0.009404
8	0.0	0.00627	0.99373	0.0
9	0.0	0.087774	0.025078	0.887147
10	0.0	0.0	0.996865	0.003135
11	0.031348	0.818182	0.021944	0.128527
12	0.034483	0.943574	0.0	0.021944
13	0.015674	0.852665	0.00627	0.125392
14	0.012539	0.050157	0.015674	0.92163
15	0.084639	0.081505	0.031348	0.802508
