Pos	A	C	G	T
1	0.114967	0.002169	0.854664	0.0282
2	0.136659	0.062907	0.746204	0.05423
3	0.477223	0.004338	0.516269	0.002169
4	0.956616	0.0	0.036876	0.006508
5	0.496746	0.058568	0.43167	0.013015
6	0.21692	0.21692	0.101952	0.464208
7	0.472885	0.169197	0.206074	0.151844
8	0.555315	0.145336	0.195228	0.104121
9	0.364425	0.043384	0.492408	0.099783
10	0.219089	0.255965	0.388286	0.136659
11	0.099783	0.735358	0.093275	0.071584
12	0.993492	0.0	0.006508	0.0
13	0.017354	0.954447	0.0282	0.0
14	0.186551	0.744035	0.008677	0.060738
15	0.876356	0.017354	0.093275	0.013015
