Pos	A	C	G	T
1	0.224806201550388	0.224806201550388	0.248062015503876	0.302325581395349
2	0.263565891472868	0.248062015503876	0.294573643410853	0.193798449612403
3	0.302325581395349	0.612403100775194	0.0775193798449612	0.00775193798449612
4	0.364341085271318	0.0155038759689922	0.0232558139534884	0.596899224806202
5	0.0	0.0930232558139535	0.821705426356589	0.0852713178294574
6	0.0697674418604651	0.65891472868217	0.0930232558139535	0.178294573643411
7	0.271317829457364	0.0	0.0	0.728682170542636
8	0.0	0.0310077519379845	0.968992248062015	0.0
9	0.0232558139534884	0.968992248062015	0.0	0.00775193798449612
10	0.0	0.0	0.0	1.0
11	0.0	0.0	1.0	0.0
12	0.0	1.0	0.0	0.0
13	0.0	0.0	0.00775193798449612	0.992248062015504
14	0.0	0.0	0.961240310077519	0.0387596899224806
15	0.883720930232558	0.0465116279069767	0.0465116279069767	0.0232558139534884
16	0.937984496124031	0.0	0.00775193798449612	0.0542635658914729
17	0.736434108527132	0.0542635658914729	0.0465116279069767	0.162790697674419
18	0.302325581395349	0.271317829457364	0.193798449612403	0.232558139534884
19	0.263565891472868	0.317829457364341	0.209302325581395	0.209302325581395
20	0.441860465116279	0.162790697674419	0.170542635658915	0.224806201550388
