Pos	A	C	G	T
1	0.15962441314554	0.103286384976526	0.0892018779342723	0.647887323943662
2	0.169014084507042	0.00469483568075117	0.826291079812207	0.0
3	0.0328638497652582	0.929577464788732	0.0	0.0375586854460094
4	0.0	0.0	0.0	1.0
5	0.00469483568075117	0.0	0.995305164319249	0.0
6	0.00469483568075117	0.995305164319249	0.0	0.0
7	0.0	0.0	0.0	1.0
8	0.00469483568075117	0.00938967136150235	0.938967136150235	0.0469483568075117
9	0.845070422535211	0.00469483568075117	0.136150234741784	0.0140845070422535
10	0.976525821596244	0.0	0.0140845070422535	0.00938967136150235
11	0.741784037558685	0.0234741784037559	0.117370892018779	0.117370892018779
12	0.267605633802817	0.164319248826291	0.267605633802817	0.300469483568075
13	0.342723004694836	0.234741784037559	0.206572769953052	0.215962441314554
14	0.31924882629108	0.183098591549296	0.23943661971831	0.258215962441315
