Pos	A	C	G	T
1	0.296296296296296	0.0416666666666667	0.101851851851852	0.560185185185185
2	0.148148148148148	0.00925925925925926	0.842592592592593	0.0
3	0.0277777777777778	0.972222222222222	0.0	0.0
4	0.00925925925925926	0.0	0.00462962962962963	0.986111111111111
5	0.0138888888888889	0.00462962962962963	0.976851851851852	0.00462962962962963
6	0.00462962962962963	0.986111111111111	0.00462962962962963	0.00462962962962963
7	0.00462962962962963	0.0	0.0	0.99537037037037
8	0.0138888888888889	0.00462962962962963	0.865740740740741	0.115740740740741
9	0.967592592592593	0.00462962962962963	0.0231481481481481	0.00462962962962963
10	0.958333333333333	0.0138888888888889	0.0231481481481481	0.00462962962962963
11	0.935185185185185	0.00462962962962963	0.0277777777777778	0.0324074074074074
12	0.115740740740741	0.851851851851852	0.0	0.0324074074074074
13	0.444444444444444	0.37037037037037	0.0740740740740741	0.111111111111111
14	0.296296296296296	0.287037037037037	0.138888888888889	0.277777777777778
