Pos	A	C	G	T
1	0.342105263157895	0.223684210526316	0.105263157894737	0.328947368421053
2	0.263157894736842	0.184210526315789	0.210526315789474	0.342105263157895
3	0.0131578947368421	0.0131578947368421	0.105263157894737	0.868421052631579
4	0.171052631578947	0.131578947368421	0.289473684210526	0.407894736842105
5	0.118421052631579	0.421052631578947	0.171052631578947	0.289473684210526
6	0.263157894736842	0.539473684210526	0.0131578947368421	0.184210526315789
7	0.263157894736842	0.0	0.0	0.736842105263158
8	0.0657894736842105	0.0131578947368421	0.907894736842105	0.0131578947368421
9	0.0	0.947368421052632	0.0	0.0526315789473684
10	0.0	0.0	0.0	1.0
11	0.0131578947368421	0.0	0.986842105263158	0.0
12	0.0131578947368421	0.986842105263158	0.0	0.0
13	0.0	0.0	0.0	1.0
14	0.0	0.0263157894736842	0.75	0.223684210526316
15	0.868421052631579	0.0131578947368421	0.0263157894736842	0.0921052631578947
16	0.907894736842105	0.0	0.0263157894736842	0.0657894736842105
17	0.855263157894737	0.0	0.0789473684210526	0.0657894736842105
18	0.355263157894737	0.157894736842105	0.0657894736842105	0.421052631578947
19	0.263157894736842	0.0131578947368421	0.368421052631579	0.355263157894737
20	0.0657894736842105	0.0789473684210526	0.460526315789474	0.394736842105263
