Pos	A	C	G	T
1	0.163685	0.349409	0.27355	0.213356
2	0.212703	0.212259	0.220642	0.354395
3	0.325407	0.221211	0.187129	0.266254
4	0.509241	0.042249	0.418575	0.029935
5	0.068363	0.203825	0.410516	0.317296
6	0.024578	0.003366	0.968779	0.003277
7	0.018879	0.008145	0.007784	0.965193
8	0.020842	0.002774	0.01063	0.965754
9	0.004218	0.988532	0.003979	0.00327
10	0.002175	0.040909	0.004908	0.952008
11	0.977081	0.007567	0.010258	0.005095
12	0.014705	0.00412	0.97618	0.004993
13	0.838162	0.017679	0.129912	0.014247
14	0.169572	0.146039	0.086665	0.597724
15	0.069045	0.583378	0.066769	0.280808
16	0.377457	0.252301	0.209652	0.16059
17	0.167705	0.305543	0.229925	0.296827
