Pos	A	C	G	T
1	0.006993	0.013986	0.734266	0.244755
2	0.048951	0.146853	0.062937	0.741259
3	0.0	0.741259	0.0	0.258741
4	0.727273	0.202797	0.020979	0.048951
5	0.020979	0.734266	0.034965	0.20979
6	0.153846	0.034965	0.811189	0.0
7	0.0	0.755245	0.244755	0.0
8	0.237762	0.188811	0.055944	0.517483
9	0.0	0.370629	0.027972	0.601399
10	0.027972027972028	0.384615384615385	0.482517482517482	0.104895104895105
11	0.265734	0.104895	0.608392	0.020979
12	0.125874	0.587413	0.153846	0.132867
13	0.041958	0.104895	0.048951	0.804196
14	0.06993	0.0	0.888112	0.041958
15	0.27972	0.524476	0.195804	0.0
