Pos	A	C	G	T
1	0.293333333333333	0.0533333333333333	0.16	0.493333333333333
2	0.0133333333333333	0.08	0.68	0.226666666666667
3	0.413333333333333	0.04	0.413333333333333	0.133333333333333
4	0.493333333333333	0.106666666666667	0.293333333333333	0.106666666666667
5	0.586666666666667	0.16	0.12	0.133333333333333
6	0.386666666666667	0.293333333333333	0.293333333333333	0.0266666666666667
7	0.373333333333333	0.28	0.186666666666667	0.16
8	0.146666666666667	0.0933333333333333	0.36	0.4
9	0.2	0.213333333333333	0.546666666666667	0.04
10	0.0933333333333333	0.906666666666667	0.0	0.0
11	0.0	0.0133333333333333	0.0	0.986666666666667
12	0.0533333333333333	0.0133333333333333	0.933333333333333	0.0
13	0.0666666666666667	0.893333333333333	0.0133333333333333	0.0266666666666667
14	0.0533333333333333	0.0133333333333333	0.0266666666666667	0.906666666666667
15	0.0533333333333333	0.0133333333333333	0.866666666666667	0.0666666666666667
16	0.693333333333333	0.04	0.146666666666667	0.12
17	0.533333333333333	0.0133333333333333	0.0666666666666667	0.386666666666667
18	0.453333333333333	0.04	0.4	0.106666666666667
19	0.173333333333333	0.146666666666667	0.52	0.16
20	0.2	0.373333333333333	0.24	0.186666666666667
21	0.546666666666667	0.146666666666667	0.133333333333333	0.173333333333333
22	0.12	0.16	0.48	0.24
23	0.186666666666667	0.293333333333333	0.333333333333333	0.186666666666667
