Pos	A	C	G	T
1	0.183333333333333	0.0166666666666667	0.0333333333333333	0.766666666666667
2	0.266666666666667	0.316666666666667	0.3	0.116666666666667
3	0.266666666666667	0.216666666666667	0.0	0.516666666666667
4	0.0	0.616666666666667	0.1	0.283333333333333
5	0.25	0.183333333333333	0.0166666666666667	0.55
6	0.0	0.316666666666667	0.433333333333333	0.25
7	0.0333333333333333	0.0	0.0	0.966666666666667
8	0.0	0.0166666666666667	0.966666666666667	0.0166666666666667
9	0.05	0.95	0.0	0.0
10	0.0	0.0	0.0	1.0
11	0.0	0.0166666666666667	0.933333333333333	0.05
12	0.0166666666666667	0.983333333333333	0.0	0.0
13	0.05	0.0	0.0	0.95
14	0.0833333333333333	0.0	0.883333333333333	0.0333333333333333
15	0.816666666666667	0.166666666666667	0.0	0.0166666666666667
16	0.9	0.0	0.0333333333333333	0.0666666666666667
17	0.75	0.0	0.0833333333333333	0.166666666666667
18	0.333333333333333	0.15	0.166666666666667	0.35
