Pos	A	C	G	T
1	0.230088495575221	0.15929203539823	0.513274336283186	0.0973451327433628
2	0.0530973451327434	0.814159292035398	0.0265486725663717	0.106194690265487
3	0.106194690265487	0.0619469026548673	0.0353982300884956	0.79646017699115
4	0.0353982300884956	0.0884955752212389	0.876106194690266	0.0
5	0.0353982300884956	0.858407079646018	0.0707964601769911	0.0353982300884956
6	0.141592920353982	0.0	0.00884955752212389	0.849557522123894
7	0.0176991150442478	0.0	0.973451327433628	0.00884955752212389
8	0.504424778761062	0.265486725663717	0.0442477876106195	0.185840707964602
9	0.539823008849557	0.141592920353982	0.123893805309735	0.194690265486726
10	0.513274336283186	0.079646017699115	0.353982300884956	0.0530973451327434
11	0.115044247787611	0.31858407079646	0.31858407079646	0.247787610619469
12	0.238938053097345	0.176991150442478	0.247787610619469	0.336283185840708
13	0.230088495575221	0.247787610619469	0.451327433628319	0.0707964601769911
14	0.221238938053097	0.433628318584071	0.150442477876106	0.194690265486726
15	0.20353982300885	0.0619469026548673	0.168141592920354	0.566371681415929
16	0.0973451327433628	0.150442477876106	0.725663716814159	0.0265486725663717
17	0.185840707964602	0.787610619469027	0.0	0.0265486725663717
18	0.20353982300885	0.0265486725663717	0.0265486725663717	0.743362831858407
19	0.0530973451327434	0.0707964601769911	0.769911504424779	0.106194690265487
20	0.079646017699115	0.601769911504425	0.115044247787611	0.20353982300885
21	0.132743362831858	0.212389380530973	0.0619469026548673	0.592920353982301
22	0.150442477876106	0.194690265486726	0.486725663716814	0.168141592920354
23	0.265486725663717	0.238938053097345	0.20353982300885	0.292035398230089
