Pos	A	C	G	T
1	0.153846153846154	0.192307692307692	0.179487179487179	0.474358974358974
2	0.0769230769230769	0.82051282051282	0.0769230769230769	0.0256410256410256
3	0.897435897435897	0.0	0.0384615384615385	0.0641025641025641
4	0.0	0.0	0.923076923076923	0.0769230769230769
5	0.0384615384615385	0.0256410256410256	0.884615384615385	0.0512820512820513
6	0.0128205128205128	0.923076923076923	0.0128205128205128	0.0512820512820513
7	0.461538461538462	0.0128205128205128	0.0128205128205128	0.512820512820513
8	0.0256410256410256	0.346153846153846	0.628205128205128	0.0
9	0.474358974358974	0.256410256410256	0.0512820512820513	0.217948717948718
10	0.0128205128205128	0.0	0.948717948717949	0.0384615384615385
11	0.0128205128205128	0.0512820512820513	0.0256410256410256	0.91025641025641
12	0.846153846153846	0.0	0.141025641025641	0.0128205128205128
13	0.0	0.358974358974359	0.615384615384615	0.0256410256410256
14	0.102564102564103	0.705128205128205	0.0128205128205128	0.179487179487179
15	0.935897435897436	0.0	0.0256410256410256	0.0384615384615385
16	0.0769230769230769	0.0	0.871794871794872	0.0512820512820513
17	0.128205128205128	0.0256410256410256	0.461538461538462	0.384615384615385
18	0.256410256410256	0.384615384615385	0.256410256410256	0.102564102564103
19	0.525641025641026	0.141025641025641	0.102564102564103	0.230769230769231
20	0.358974358974359	0.294871794871795	0.192307692307692	0.153846153846154
