Pos	A	C	G	T
1	0.248175182481752	0.124087591240876	0.226277372262774	0.401459854014599
2	0.248175182481752	0.0583941605839416	0.613138686131387	0.0802919708029197
3	0.072992700729927	0.766423357664234	0.0437956204379562	0.116788321167883
4	0.321167883211679	0.0656934306569343	0.0437956204379562	0.569343065693431
5	0.0437956204379562	0.357664233576642	0.591240875912409	0.0072992700729927
6	0.364963503649635	0.321167883211679	0.0	0.313868613138686
7	0.0364963503649635	0.0364963503649635	0.905109489051095	0.0218978102189781
8	0.0364963503649635	0.0364963503649635	0.0218978102189781	0.905109489051095
9	0.883211678832117	0.0218978102189781	0.0583941605839416	0.0364963503649635
10	0.0145985401459854	0.306569343065693	0.569343065693431	0.109489051094891
11	0.0656934306569343	0.751824817518248	0.0072992700729927	0.175182481751825
12	0.897810218978102	0.0218978102189781	0.0145985401459854	0.0656934306569343
13	0.0145985401459854	0.0218978102189781	0.941605839416058	0.0218978102189781
14	0.131386861313869	0.0437956204379562	0.408759124087591	0.416058394160584
15	0.167883211678832	0.788321167883212	0.0145985401459854	0.0291970802919708
16	0.401459854014599	0.0510948905109489	0.0072992700729927	0.54014598540146
17	0.0145985401459854	0.642335766423358	0.218978102189781	0.124087591240876
