Pos	A	C	G	T
1	0.328767123287671	0.136986301369863	0.342465753424658	0.191780821917808
2	0.315068493150685	0.205479452054795	0.328767123287671	0.150684931506849
3	0.0273972602739726	0.904109589041096	0.0273972602739726	0.0410958904109589
4	0.0958904109589041	0.0547945205479452	0.0136986301369863	0.835616438356164
5	0.0547945205479452	0.0821917808219178	0.863013698630137	0.0
6	0.0410958904109589	0.876712328767123	0.0547945205479452	0.0273972602739726
7	0.10958904109589	0.0	0.0136986301369863	0.876712328767123
8	0.0273972602739726	0.0	0.958904109589041	0.0136986301369863
9	0.671232876712329	0.136986301369863	0.0273972602739726	0.164383561643836
10	0.835616438356164	0.0684931506849315	0.0547945205479452	0.0410958904109589
11	0.73972602739726	0.0410958904109589	0.136986301369863	0.0821917808219178
12	0.0958904109589041	0.410958904109589	0.26027397260274	0.232876712328767
13	0.301369863013699	0.164383561643836	0.301369863013699	0.232876712328767
14	0.273972602739726	0.287671232876712	0.383561643835616	0.0547945205479452
15	0.301369863013699	0.424657534246575	0.150684931506849	0.123287671232877
16	0.273972602739726	0.0410958904109589	0.178082191780822	0.506849315068493
17	0.10958904109589	0.164383561643836	0.698630136986301	0.0273972602739726
18	0.287671232876712	0.698630136986301	0.0	0.0136986301369863
19	0.315068493150685	0.0273972602739726	0.0410958904109589	0.616438356164384
20	0.0547945205479452	0.10958904109589	0.684931506849315	0.150684931506849
21	0.10958904109589	0.465753424657534	0.178082191780822	0.246575342465753
22	0.205479452054795	0.328767123287671	0.0958904109589041	0.36986301369863
23	0.219178082191781	0.287671232876712	0.232876712328767	0.26027397260274
