Pos	A	C	G	T
1	0.264900662251656	0.19205298013245	0.314569536423841	0.228476821192053
2	0.112582781456954	0.28476821192053	0.288079470198675	0.314569536423841
3	0.231788079470199	0.119205298013245	0.23841059602649	0.410596026490066
4	0.155629139072848	0.278145695364238	0.516556291390728	0.0496688741721854
5	0.0695364238410596	0.817880794701987	0.00993377483443709	0.102649006622517
6	0.0364238410596026	0.0132450331125828	0.00993377483443709	0.940397350993378
7	0.00662251655629139	0.00993377483443709	0.950331125827815	0.033112582781457
8	0.0231788079470199	0.927152317880795	0.0397350993377483	0.00993377483443709
9	0.0298013245033113	0.0132450331125828	0.0198675496688742	0.937086092715232
10	0.0529801324503311	0.0364238410596026	0.817880794701987	0.0927152317880795
11	0.513245033112583	0.241721854304636	0.145695364238411	0.0993377483443709
12	0.788079470198676	0.00993377483443709	0.0960264900662252	0.105960264900662
13	0.473509933774834	0.043046357615894	0.364238410596026	0.119205298013245
14	0.0827814569536424	0.754966887417219	0.0529801324503311	0.109271523178808
15	0.529801324503311	0.122516556291391	0.0728476821192053	0.274834437086093
16	0.0993377483443709	0.132450331125828	0.639072847682119	0.129139072847682
17	0.0927152317880795	0.69205298013245	0.158940397350993	0.0562913907284768
18	0.221854304635762	0.513245033112583	0.033112582781457	0.231788079470199
19	0.0728476821192053	0.0662251655629139	0.26158940397351	0.599337748344371
20	0.0960264900662252	0.172185430463576	0.566225165562914	0.165562913907285
21	0.165562913907285	0.556291390728477	0.109271523178808	0.16887417218543
22	0.208609271523179	0.281456953642384	0.149006622516556	0.360927152317881
23	0.195364238410596	0.228476821192053	0.298013245033113	0.278145695364238
