Pos	A	C	G	T
1	0.28169014084507	0.197183098591549	0.323943661971831	0.197183098591549
2	0.0563380281690141	0.788732394366197	0.0704225352112676	0.0845070422535211
3	0.309859154929577	0.169014084507042	0.0	0.52112676056338
4	0.0	0.0985915492957746	0.901408450704225	0.0
5	0.028169014084507	0.929577464788732	0.028169014084507	0.0140845070422535
6	0.0704225352112676	0.0140845070422535	0.901408450704225	0.0140845070422535
7	0.0	0.028169014084507	0.0140845070422535	0.957746478873239
8	0.943661971830986	0.028169014084507	0.0140845070422535	0.0140845070422535
9	0.0	0.422535211267606	0.577464788732394	0.0
10	0.028169014084507	0.929577464788732	0.0	0.0422535211267606
11	0.971830985915493	0.0140845070422535	0.0140845070422535	0.0
12	0.0140845070422535	0.0	0.985915492957746	0.0
13	0.0422535211267606	0.0	0.788732394366197	0.169014084507042
14	0.28169014084507	0.366197183098592	0.267605633802817	0.0845070422535211
