Pos	A	C	G	T
1	0.301754385964912	0.298245614035088	0.235087719298246	0.164912280701754
2	0.417543859649123	0.0175438596491228	0.368421052631579	0.196491228070175
3	0.12280701754386	0.133333333333333	0.63859649122807	0.105263157894737
4	0.129824561403509	0.736842105263158	0.0842105263157895	0.0491228070175439
5	0.726315789473684	0.0105263157894737	0.0350877192982456	0.228070175438596
6	0.0771929824561404	0.36140350877193	0.375438596491228	0.185964912280702
7	0.0771929824561404	0.898245614035088	0.0105263157894737	0.0140350877192982
8	0.0	0.817543859649123	0.0175438596491228	0.164912280701754
9	0.705263157894737	0.0140350877192982	0.210526315789474	0.0701754385964912
10	0.101754385964912	0.0315789473684211	0.670175438596491	0.196491228070175
11	0.256140350877193	0.36140350877193	0.312280701754386	0.0701754385964912
12	0.47719298245614	0.333333333333333	0.00350877192982456	0.185964912280702
13	0.00701754385964912	0.978947368421053	0.0	0.0140350877192982
14	0.996491228070175	0.0	0.0	0.00350877192982456
15	0.00350877192982456	0.00350877192982456	0.992982456140351	0.0
16	0.0	0.0	0.0	1.0
17	0.0631578947368421	0.0526315789473684	0.757894736842105	0.126315789473684
18	0.00350877192982456	0.975438596491228	0.0175438596491228	0.00350877192982456
19	0.00350877192982456	0.954385964912281	0.0	0.0421052631578947
20	0.0245614035087719	0.817543859649123	0.0	0.157894736842105
21	0.491228070175439	0.178947368421053	0.101754385964912	0.228070175438596
