Pos	A	C	G	T
1	0.4	0.119047619047619	0.195238095238095	0.285714285714286
2	0.380952380952381	0.0380952380952381	0.371428571428571	0.20952380952381
3	0.233333333333333	0.0428571428571429	0.623809523809524	0.1
4	0.547619047619048	0.00476190476190476	0.0857142857142857	0.361904761904762
5	0.119047619047619	0.0619047619047619	0.785714285714286	0.0333333333333333
6	0.423809523809524	0.0619047619047619	0.504761904761905	0.00952380952380952
7	1.0	0.0	0.0	0.0
8	0.0333333333333333	0.123809523809524	0.00476190476190476	0.838095238095238
9	0.0	0.485714285714286	0.433333333333333	0.080952380952381
10	0.923809523809524	0.0428571428571429	0.00952380952380952	0.0238095238095238
11	0.0	0.738095238095238	0.0	0.261904761904762
12	0.228571428571429	0.557142857142857	0.0714285714285714	0.142857142857143
13	0.914285714285714	0.00476190476190476	0.0285714285714286	0.0523809523809524
14	0.628571428571429	0.1	0.119047619047619	0.152380952380952
15	0.547619047619048	0.0761904761904762	0.128571428571429	0.247619047619048
16	0.471428571428571	0.0714285714285714	0.185714285714286	0.271428571428571
