Pos	A	C	G	T
1	0.133720930232558	0.375	0.386627906976744	0.104651162790698
2	0.311046511627907	0.0930232558139535	0.156976744186047	0.438953488372093
3	0.0901162790697674	0.133720930232558	0.683139534883721	0.0930232558139535
4	0.00581395348837209	0.982558139534884	0.0	0.0116279069767442
5	0.944767441860465	0.0145348837209302	0.00581395348837209	0.0348837209302326
6	0.00290697674418605	0.0377906976744186	0.956395348837209	0.00290697674418605
7	0.0581395348837209	0.0174418604651163	0.0116279069767442	0.912790697674419
8	0.0290697674418605	0.00290697674418605	0.959302325581395	0.00872093023255814
9	0.0203488372093023	0.73546511627907	0.061046511627907	0.183139534883721
10	0.0348837209302326	0.944767441860465	0.0116279069767442	0.00872093023255814
11	0.665697674418605	0.116279069767442	0.0494186046511628	0.168604651162791
12	0.267441860465116	0.061046511627907	0.604651162790698	0.0668604651162791
13	0.328488372093023	0.00872093023255814	0.651162790697674	0.0116279069767442
14	0.0668604651162791	0.00581395348837209	0.886627906976744	0.0406976744186047
15	0.203488372093023	0.0377906976744186	0.613372093023256	0.145348837209302
16	0.252906976744186	0.063953488372093	0.656976744186046	0.0261627906976744
17	0.691860465116279	0.0436046511627907	0.119186046511628	0.145348837209302
18	0.194767441860465	0.0726744186046512	0.686046511627907	0.0465116279069767
19	0.13953488372093	0.151162790697674	0.607558139534884	0.101744186046512
20	0.232558139534884	0.206395348837209	0.311046511627907	0.25
21	0.130813953488372	0.34593023255814	0.209302325581395	0.313953488372093
22	0.104651162790698	0.563953488372093	0.159883720930233	0.171511627906977
23	0.113372093023256	0.465116279069767	0.107558139534884	0.313953488372093
24	0.183139534883721	0.375	0.218023255813953	0.223837209302326
