Pos	A	C	G	T
1	0.277777777777778	0.138888888888889	0.583333333333333	0.0
2	0.194444444444444	0.0277777777777778	0.777777777777778	0.0
3	0.361111111111111	0.305555555555556	0.333333333333333	0.0
4	0.555555555555556	0.166666666666667	0.277777777777778	0.0
5	0.138888888888889	0.25	0.611111111111111	0.0
6	0.111111111111111	0.777777777777778	0.111111111111111	0.0
7	0.277777777777778	0.0277777777777778	0.472222222222222	0.222222222222222
8	0.0555555555555556	0.0	0.944444444444444	0.0
9	0.0	0.694444444444444	0.194444444444444	0.111111111111111
10	0.361111111111111	0.0	0.638888888888889	0.0
11	0.0	0.111111111111111	0.888888888888889	0.0
12	0.111111111111111	0.583333333333333	0.305555555555556	0.0
13	0.0555555555555556	0.0555555555555556	0.805555555555556	0.0833333333333333
14	0.0833333333333333	0.166666666666667	0.722222222222222	0.0277777777777778
15	0.333333333333333	0.666666666666667	0.0	0.0
16	0.0555555555555556	0.0833333333333333	0.861111111111111	0.0
17	0.0277777777777778	0.138888888888889	0.805555555555556	0.0277777777777778
18	0.333333333333333	0.111111111111111	0.555555555555556	0.0
19	0.0	0.111111111111111	0.861111111111111	0.0277777777777778
