Pos	A	C	G	T
1	0.201780415430267	0.234421364985163	0.21513353115727	0.3486646884273
2	0.0148367952522255	0.946587537091988	0.0118694362017804	0.0267062314540059
3	0.0	0.986646884272997	0.00445103857566766	0.00890207715133531
4	0.752225519287834	0.0163204747774481	0.0786350148367952	0.152818991097923
5	0.167655786350148	0.0118694362017804	0.611275964391691	0.20919881305638
6	0.22700296735905	0.369436201780415	0.382789317507418	0.0207715133531157
7	0.388724035608309	0.434718100890208	0.00593471810089021	0.170623145400593
8	0.0	0.991097922848665	0.00148367952522255	0.00741839762611276
9	1.0	0.0	0.0	0.0
10	0.0	0.0	1.0	0.0
11	0.00148367952522255	0.00148367952522255	0.0	0.997032640949555
12	0.0489614243323442	0.029673590504451	0.777448071216617	0.143916913946588
13	0.0	0.997032640949555	0.00148367952522255	0.00148367952522255
14	0.00148367952522255	0.968842729970326	0.0	0.029673590504451
15	0.00445103857566766	0.948071216617211	0.0	0.0474777448071217
16	0.583086053412463	0.142433234421365	0.0652818991097923	0.20919881305638
