Pos	A	C	G	T
1	0.157894736842105	0.315789473684211	0.315789473684211	0.210526315789474
2	0.210526315789474	0.315789473684211	0.263157894736842	0.210526315789474
3	0.210526315789474	0.315789473684211	0.210526315789474	0.263157894736842
4	0.315789473684211	0.263157894736842	0.368421052631579	0.0526315789473684
5	0.105263157894737	0.315789473684211	0.368421052631579	0.210526315789474
6	0.210526315789474	0.0526315789473684	0.631578947368421	0.105263157894737
7	0.0	0.0526315789473684	0.0526315789473684	0.894736842105263
8	0.894736842105263	0.105263157894737	0.0	0.0
9	0.105263157894737	0.0	0.736842105263158	0.157894736842105
10	0.736842105263158	0.210526315789474	0.0	0.0526315789473684
11	0.0	0.631578947368421	0.0	0.368421052631579
12	0.0	1.0	0.0	0.0
13	0.0526315789473684	0.0	0.0	0.947368421052632
14	0.0	0.0	0.0526315789473684	0.947368421052632
15	0.0	0.0	0.947368421052632	0.0526315789473684
16	0.263157894736842	0.105263157894737	0.631578947368421	0.0
17	0.0	0.157894736842105	0.210526315789474	0.631578947368421
18	0.0526315789473684	0.0	0.421052631578947	0.526315789473684
