Pos	A	C	G	T
1	0.278145695364238	0.189845474613687	0.19205298013245	0.339955849889625
2	0.181015452538631	0.136865342163355	0.571743929359823	0.11037527593819
3	0.152317880794702	0.350993377483444	0.187637969094923	0.309050772626932
4	0.262693156732892	0.169977924944812	0.33112582781457	0.236203090507726
5	0.181015452538631	0.375275938189845	0.165562913907285	0.278145695364238
6	0.437086092715232	0.123620309050773	0.28476821192053	0.154525386313466
7	0.198675496688742	0.236203090507726	0.152317880794702	0.41280353200883
8	0.0905077262693157	0.125827814569536	0.757174392935982	0.0264900662251656
9	0.0264900662251656	0.0419426048565121	0.033112582781457	0.898454746136865
10	0.00883002207505519	0.00662251655629139	0.975717439293598	0.00883002207505519
11	0.0860927152317881	0.0022075055187638	0.00662251655629139	0.905077262693157
12	0.00662251655629139	0.0	0.986754966887417	0.00662251655629139
13	0.0	0.977924944812362	0.011037527593819	0.011037527593819
14	0.785871964679912	0.00883002207505519	0.0154525386313466	0.189845474613687
15	0.0022075055187638	0.796909492273731	0.0551876379690949	0.145695364238411
16	0.452538631346578	0.101545253863135	0.375275938189845	0.0706401766004415
17	0.0993377483443709	0.342163355408389	0.0728476821192053	0.485651214128035
18	0.227373068432671	0.0551876379690949	0.644591611479029	0.0728476821192053
19	0.011037527593819	0.406181015452539	0.0794701986754967	0.503311258278146
20	0.231788079470199	0.134657836644592	0.465783664459161	0.167770419426049
21	0.216335540838852	0.278145695364238	0.150110375275938	0.355408388520971
22	0.282560706401766	0.139072847682119	0.43046357615894	0.147902869757174
23	0.108167770419426	0.399558498896247	0.147902869757174	0.344370860927152
