Pos	A	C	G	T
1	0.261904761904762	0.166666666666667	0.30952380952381	0.261904761904762
2	0.166666666666667	0.0952380952380952	0.428571428571429	0.30952380952381
3	0.142857142857143	0.80952380952381	0.0238095238095238	0.0238095238095238
4	0.738095238095238	0.0714285714285714	0.0238095238095238	0.166666666666667
5	0.0	0.0	0.976190476190476	0.0238095238095238
6	0.0238095238095238	0.976190476190476	0.0	0.0
7	0.0476190476190476	0.952380952380952	0.0	0.0
8	0.285714285714286	0.0238095238095238	0.261904761904762	0.428571428571429
9	0.285714285714286	0.214285714285714	0.428571428571429	0.0714285714285714
10	0.119047619047619	0.119047619047619	0.714285714285714	0.0476190476190476
11	0.19047619047619	0.357142857142857	0.142857142857143	0.30952380952381
12	0.0	0.976190476190476	0.0	0.0238095238095238
13	0.476190476190476	0.214285714285714	0.0238095238095238	0.285714285714286
14	0.0	0.380952380952381	0.0714285714285714	0.547619047619048
15	0.0476190476190476	0.833333333333333	0.0	0.119047619047619
16	0.0	0.952380952380952	0.0	0.0476190476190476
17	0.428571428571429	0.0	0.119047619047619	0.452380952380952
18	0.166666666666667	0.0714285714285714	0.69047619047619	0.0714285714285714
19	0.261904761904762	0.19047619047619	0.5	0.0476190476190476
20	0.142857142857143	0.785714285714286	0.0	0.0714285714285714
21	0.0714285714285714	0.619047619047619	0.0476190476190476	0.261904761904762
22	0.666666666666667	0.0	0.214285714285714	0.119047619047619
23	0.0	0.0714285714285714	0.904761904761905	0.0238095238095238
24	0.0952380952380952	0.0	0.0238095238095238	0.880952380952381
25	0.0714285714285714	0.142857142857143	0.69047619047619	0.0952380952380952
26	0.19047619047619	0.642857142857143	0.0714285714285714	0.0952380952380952
27	0.119047619047619	0.523809523809524	0.0714285714285714	0.285714285714286
28	0.214285714285714	0.476190476190476	0.0238095238095238	0.285714285714286
29	0.285714285714286	0.333333333333333	0.214285714285714	0.166666666666667
