Pos	A	C	G	T
1	0.0405405405405405	0.0135135135135135	0.918918918918919	0.027027027027027
2	0.0810810810810811	0.878378378378378	0.027027027027027	0.0135135135135135
3	0.364864864864865	0.243243243243243	0.216216216216216	0.175675675675676
4	0.0135135135135135	0.027027027027027	0.891891891891892	0.0675675675675676
5	0.0540540540540541	0.905405405405405	0.0135135135135135	0.027027027027027
6	0.878378378378378	0.0405405405405405	0.0675675675675676	0.0135135135135135
7	0.121621621621622	0.310810810810811	0.567567567567568	0.0
8	0.0135135135135135	0.378378378378378	0.472972972972973	0.135135135135135
9	0.283783783783784	0.121621621621622	0.297297297297297	0.297297297297297
10	0.0135135135135135	0.0810810810810811	0.554054054054054	0.351351351351351
11	0.0	0.243243243243243	0.635135135135135	0.121621621621622
12	0.162162162162162	0.310810810810811	0.0675675675675676	0.459459459459459
13	0.162162162162162	0.121621621621622	0.527027027027027	0.189189189189189
14	0.0	0.716216216216216	0.27027027027027	0.0135135135135135
15	0.0135135135135135	0.027027027027027	0.0405405405405405	0.918918918918919
16	0.0	0.0	0.972972972972973	0.027027027027027
17	0.027027027027027	0.972972972972973	0.0	0.0
18	0.513513513513513	0.243243243243243	0.0135135135135135	0.22972972972973
19	0.0	0.0	0.945945945945946	0.0540540540540541
20	0.0	1.0	0.0	0.0
21	0.864864864864865	0.0	0.0	0.135135135135135
