Pos	A	C	G	T
1	0.00529100529100529	0.0	0.984126984126984	0.0105820105820106
2	0.624338624338624	0.365079365079365	0.0	0.0105820105820106
3	0.952380952380952	0.0	0.0476190476190476	0.0
4	0.037037037037037	0.0476190476190476	0.91005291005291	0.00529100529100529
5	0.0	0.984126984126984	0.0	0.0158730158730159
6	0.407407407407407	0.00529100529100529	0.587301587301587	0.0
7	0.243386243386243	0.00529100529100529	0.751322751322751	0.0
8	0.0	0.0	0.0	1.0
9	0.216931216931217	0.365079365079365	0.111111111111111	0.306878306878307
10	0.100529100529101	0.73015873015873	0.116402116402116	0.0529100529100529
11	0.121693121693122	0.486772486772487	0.037037037037037	0.354497354497354
12	0.132275132275132	0.227513227513228	0.185185185185185	0.455026455026455
13	0.317460317460317	0.201058201058201	0.402116402116402	0.0793650793650794
