Pos	A	C	G	T
1	0.223300970873786	0.269417475728155	0.283980582524272	0.223300970873786
2	0.822815533980582	0.00728155339805825	0.0485436893203883	0.121359223300971
3	0.0461165048543689	0.0752427184466019	0.844660194174757	0.0339805825242718
4	0.830097087378641	0.0898058252427184	0.0800970873786408	0.0
5	0.895631067961165	0.0655339805825243	0.00728155339805825	0.0315533980582524
6	0.16747572815534	0.00728155339805825	0.516990291262136	0.308252427184466
7	0.0655339805825243	0.924757281553398	0.00485436893203883	0.00485436893203883
8	0.817961165048544	0.0145631067961165	0.104368932038835	0.0631067961165049
9	0.029126213592233	0.0533980582524272	0.861650485436893	0.0558252427184466
10	0.00485436893203883	0.696601941747573	0.0533980582524272	0.245145631067961
11	0.135922330097087	0.800970873786408	0.00242718446601942	0.0606796116504854
12	0.793689320388349	0.0461165048543689	0.0485436893203883	0.111650485436893
13	0.0412621359223301	0.349514563106796	0.313106796116505	0.296116504854369
14	0.257281553398058	0.109223300970874	0.509708737864078	0.12378640776699
15	0.101941747572816	0.594660194174757	0.0800970873786408	0.223300970873786
16	0.145631067961165	0.473300970873786	0.0752427184466019	0.305825242718447
17	0.342233009708738	0.179611650485437	0.269417475728155	0.20873786407767
18	0.211165048543689	0.308252427184466	0.247572815533981	0.233009708737864
