Pos	A	C	G	T
1	0.130434782608696	0.304347826086957	0.188405797101449	0.376811594202899
2	0.173913043478261	0.101449275362319	0.463768115942029	0.260869565217391
3	0.130434782608696	0.840579710144927	0.0144927536231884	0.0144927536231884
4	0.449275362318841	0.0	0.0	0.550724637681159
5	0.0144927536231884	0.217391304347826	0.115942028985507	0.652173913043478
6	0.0	0.0	0.0	1.0
7	0.0579710144927536	0.0	0.942028985507246	0.0
8	0.0144927536231884	0.0	0.826086956521739	0.159420289855072
9	0.855072463768116	0.0	0.115942028985507	0.0289855072463768
10	0.0579710144927536	0.0	0.927536231884058	0.0144927536231884
11	0.985507246376812	0.0144927536231884	0.0	0.0
12	0.0144927536231884	0.0	0.0	0.985507246376812
13	0.0	0.0144927536231884	0.0144927536231884	0.971014492753623
14	0.115942028985507	0.0	0.478260869565217	0.405797101449275
15	0.0	0.956521739130435	0.0289855072463768	0.0144927536231884
16	0.0144927536231884	0.0144927536231884	0.0	0.971014492753623
17	0.0579710144927536	0.0579710144927536	0.130434782608696	0.753623188405797
18	0.333333333333333	0.0869565217391304	0.231884057971014	0.347826086956522
19	0.188405797101449	0.318840579710145	0.188405797101449	0.304347826086957
