Pos	A	C	G	T
1	0.369230769230769	0.261538461538462	0.184615384615385	0.184615384615385
2	0.107692307692308	0.0	0.0153846153846154	0.876923076923077
3	0.0	0.0153846153846154	0.953846153846154	0.0307692307692308
4	0.0	0.0	1.0	0.0
5	0.0	0.0	1.0	0.0
6	0.938461538461538	0.0	0.0307692307692308	0.0307692307692308
7	0.953846153846154	0.0	0.0461538461538462	0.0
8	0.0153846153846154	0.0	0.984615384615385	0.0
9	0.0	1.0	0.0	0.0
10	0.0	0.0	0.0	1.0
11	0.0	0.969230769230769	0.0153846153846154	0.0153846153846154
12	0.907692307692308	0.0153846153846154	0.0769230769230769	0.0
13	0.0461538461538462	0.0	0.738461538461539	0.215384615384615
14	0.0	0.0	0.0	1.0
