Pos	A	C	G	T
1	0.180952380952381	0.0285714285714286	0.0666666666666667	0.723809523809524
2	0.0571428571428571	0.0	0.819047619047619	0.123809523809524
3	0.0	0.971428571428571	0.019047619047619	0.00952380952380952
4	0.904761904761905	0.00952380952380952	0.0	0.0857142857142857
5	0.0476190476190476	0.2	0.533333333333333	0.219047619047619
6	0.0285714285714286	0.0	0.00952380952380952	0.961904761904762
7	0.228571428571429	0.019047619047619	0.361904761904762	0.39047619047619
8	0.904761904761905	0.0	0.0666666666666667	0.0285714285714286
9	0.20952380952381	0.00952380952380952	0.780952380952381	0.0
10	0.0	0.971428571428571	0.0	0.0285714285714286
11	0.0571428571428571	0.019047619047619	0.923809523809524	0.0
12	0.0	1.0	0.0	0.0
13	0.666666666666667	0.133333333333333	0.0761904761904762	0.123809523809524
