Pos	A	C	G	T
1	0.287671232876712	0.479452054794521	0.102739726027397	0.13013698630137
2	0.363013698630137	0.232876712328767	0.089041095890411	0.315068493150685
3	0.184931506849315	0.445205479452055	0.205479452054795	0.164383561643836
4	0.0136986301369863	0.986301369863014	0.0	0.0
5	0.0273972602739726	0.0205479452054795	0.0	0.952054794520548
6	0.0136986301369863	0.0	0.986301369863014	0.0
7	0.876712328767123	0.0821917808219178	0.0205479452054795	0.0205479452054795
8	0.0	0.0136986301369863	0.0342465753424658	0.952054794520548
9	0.102739726027397	0.0	0.541095890410959	0.356164383561644
10	0.993150684931507	0.0	0.00684931506849315	0.0
11	0.0821917808219178	0.0	0.849315068493151	0.0684931506849315
12	0.00684931506849315	0.0273972602739726	0.897260273972603	0.0684931506849315
13	0.301369863013699	0.0753424657534247	0.554794520547945	0.0684931506849315
14	0.308219178082192	0.10958904109589	0.150684931506849	0.431506849315068
15	0.184931506849315	0.171232876712329	0.438356164383562	0.205479452054795
16	0.273972602739726	0.10958904109589	0.404109589041096	0.212328767123288
