Pos	A	C	G	T
1	0.423076923076923	0.115384615384615	0.243589743589744	0.217948717948718
2	0.0769230769230769	0.243589743589744	0.551282051282051	0.128205128205128
3	0.294871794871795	0.115384615384615	0.371794871794872	0.217948717948718
4	0.0769230769230769	0.525641025641026	0.166666666666667	0.230769230769231
5	0.243589743589744	0.282051282051282	0.205128205128205	0.269230769230769
6	0.166666666666667	0.0641025641025641	0.525641025641026	0.243589743589744
7	0.179487179487179	0.0641025641025641	0.564102564102564	0.192307692307692
8	0.141025641025641	0.256410256410256	0.358974358974359	0.243589743589744
9	0.307692307692308	0.435897435897436	0.0128205128205128	0.243589743589744
10	0.0897435897435897	0.282051282051282	0.0641025641025641	0.564102564102564
11	0.153846153846154	0.0	0.756410256410256	0.0897435897435897
12	0.0	0.0	0.987179487179487	0.0128205128205128
13	0.0128205128205128	0.0128205128205128	0.948717948717949	0.0256410256410256
14	0.82051282051282	0.0512820512820513	0.102564102564103	0.0256410256410256
15	0.628205128205128	0.0	0.371794871794872	0.0
16	0.0897435897435897	0.0	0.91025641025641	0.0
17	0.0	0.961538461538462	0.0128205128205128	0.0256410256410256
18	0.0	0.0	0.0128205128205128	0.987179487179487
19	0.0	0.961538461538462	0.0	0.0384615384615385
20	0.551282051282051	0.102564102564103	0.282051282051282	0.0641025641025641
21	0.0	0.0384615384615385	0.448717948717949	0.512820512820513
22	0.0128205128205128	0.0	0.0384615384615385	0.948717948717949
23	0.0512820512820513	0.641025641025641	0.230769230769231	0.0769230769230769
