Pos	A	C	G	T
1	0.342857142857143	0.257142857142857	0.2	0.2
2	0.0857142857142857	0.857142857142857	0.0	0.0571428571428571
3	0.285714285714286	0.114285714285714	0.0	0.6
4	0.0571428571428571	0.285714285714286	0.428571428571429	0.228571428571429
5	0.742857142857143	0.114285714285714	0.0	0.142857142857143
6	0.342857142857143	0.2	0.0857142857142857	0.371428571428571
7	0.0	0.0857142857142857	0.828571428571429	0.0857142857142857
8	0.2	0.371428571428571	0.314285714285714	0.114285714285714
9	0.0857142857142857	0.714285714285714	0.0	0.2
10	0.285714285714286	0.142857142857143	0.228571428571429	0.342857142857143
11	0.0	0.228571428571429	0.0	0.771428571428571
12	0.914285714285714	0.0	0.0571428571428571	0.0285714285714286
13	0.0	0.0857142857142857	0.885714285714286	0.0285714285714286
14	0.114285714285714	0.0285714285714286	0.742857142857143	0.114285714285714
15	0.0571428571428571	0.2	0.285714285714286	0.457142857142857
16	0.657142857142857	0.0285714285714286	0.285714285714286	0.0285714285714286
17	0.0857142857142857	0.0285714285714286	0.0	0.885714285714286
18	0.0	0.0	0.0	1.0
19	0.114285714285714	0.0	0.628571428571429	0.257142857142857
20	0.0285714285714286	0.914285714285714	0.0285714285714286	0.0285714285714286
21	0.0	0.0	0.0	1.0
22	0.0571428571428571	0.0857142857142857	0.342857142857143	0.514285714285714
23	0.4	0.228571428571429	0.0857142857142857	0.285714285714286
