Pos	A	C	G	T
1	0.247826086956522	0.295652173913043	0.195652173913043	0.260869565217391
2	0.169565217391304	0.517391304347826	0.139130434782609	0.173913043478261
3	0.0652173913043478	0.708695652173913	0.104347826086957	0.121739130434783
4	0.291304347826087	0.234782608695652	0.182608695652174	0.291304347826087
5	0.0739130434782609	0.173913043478261	0.269565217391304	0.482608695652174
6	0.091304347826087	0.739130434782609	0.0565217391304348	0.11304347826087
7	0.491304347826087	0.3	0.0347826086956522	0.173913043478261
8	0.21304347826087	0.552173913043478	0.0869565217391304	0.147826086956522
9	0.00434782608695652	0.952173913043478	0.0260869565217391	0.0173913043478261
10	0.0695652173913043	0.0130434782608696	0.00869565217391304	0.908695652173913
11	0.0173913043478261	0.0173913043478261	0.960869565217391	0.00434782608695652
12	0.504347826086956	0.343478260869565	0.126086956521739	0.0260869565217391
13	0.0478260869565217	0.0347826086956522	0.0434782608695652	0.873913043478261
14	0.147826086956522	0.147826086956522	0.434782608695652	0.269565217391304
15	0.843478260869565	0.0478260869565217	0.0739130434782609	0.0347826086956522
16	0.208695652173913	0.104347826086957	0.578260869565217	0.108695652173913
17	0.0347826086956522	0.126086956521739	0.673913043478261	0.165217391304348
18	0.234782608695652	0.221739130434783	0.469565217391304	0.0739130434782609
19	0.326086956521739	0.256521739130435	0.165217391304348	0.252173913043478
20	0.152173913043478	0.282608695652174	0.282608695652174	0.282608695652174
21	0.121739130434783	0.230434782608696	0.447826086956522	0.2
22	0.31304347826087	0.195652173913043	0.460869565217391	0.0304347826086957
23	0.234782608695652	0.617391304347826	0.108695652173913	0.0391304347826087
24	0.0695652173913043	0.791304347826087	0.0434782608695652	0.0956521739130435
25	0.226086956521739	0.682608695652174	0.0173913043478261	0.0739130434782609
26	0.417391304347826	0.360869565217391	0.0782608695652174	0.143478260869565
27	0.156521739130435	0.569565217391304	0.130434782608696	0.143478260869565
28	0.160869565217391	0.526086956521739	0.156521739130435	0.156521739130435
29	0.273913043478261	0.365217391304348	0.165217391304348	0.195652173913043
