Pos	A	C	G	T
1	0.196428571428571	0.25	0.267857142857143	0.285714285714286
2	0.214285714285714	0.178571428571429	0.25	0.357142857142857
3	0.0178571428571429	0.107142857142857	0.125	0.75
4	0.285714285714286	0.0	0.0892857142857143	0.625
5	0.125	0.0	0.428571428571429	0.446428571428571
6	0.196428571428571	0.767857142857143	0.0357142857142857	0.0
7	0.625	0.107142857142857	0.0	0.267857142857143
8	0.0178571428571429	0.392857142857143	0.214285714285714	0.375
9	0.375	0.0892857142857143	0.0357142857142857	0.5
10	0.0357142857142857	0.571428571428571	0.303571428571429	0.0892857142857143
11	0.0535714285714286	0.0535714285714286	0.0	0.892857142857143
12	0.428571428571429	0.0	0.535714285714286	0.0357142857142857
13	0.642857142857143	0.0	0.357142857142857	0.0
14	0.571428571428571	0.107142857142857	0.160714285714286	0.160714285714286
15	0.0357142857142857	0.0	0.0535714285714286	0.910714285714286
16	0.0	0.0357142857142857	0.214285714285714	0.75
17	0.0357142857142857	0.0	0.125	0.839285714285714
18	0.321428571428571	0.107142857142857	0.392857142857143	0.178571428571429
19	0.232142857142857	0.178571428571429	0.267857142857143	0.321428571428571
