Pos	A	C	G	T
1	0.0894160583941606	0.109489051094891	0.0474452554744526	0.753649635036496
2	0.136861313868613	0.0182481751824818	0.0328467153284672	0.812043795620438
3	0.12043795620438	0.16970802919708	0.031021897810219	0.678832116788321
4	0.487226277372263	0.195255474452555	0.29014598540146	0.0273722627737226
5	0.00182481751824818	0.990875912408759	0.00364963503649635	0.00364963503649635
6	0.0164233576642336	0.0	0.0	0.983576642335766
7	0.00182481751824818	0.00547445255474453	0.945255474452555	0.0474452554744526
8	0.983576642335766	0.00364963503649635	0.00182481751824818	0.0109489051094891
9	0.85948905109489	0.0	0.135036496350365	0.00547445255474453
10	0.0127737226277372	0.145985401459854	0.700729927007299	0.140510948905109
11	0.388686131386861	0.0072992700729927	0.58029197080292	0.0237226277372263
12	0.156934306569343	0.0182481751824818	0.00547445255474453	0.819343065693431
13	0.0401459854014599	0.512773722627737	0.144160583941606	0.302919708029197
14	0.262773722627737	0.240875912408759	0.160583941605839	0.335766423357664
