Pos	A	C	G	T
1	0.274336	0.230438	0.290505	0.204721
2	0.190026	0.187452	0.251837	0.370686
3	0.201047	0.229794	0.14897	0.420188
4	0.404206	0.0901895	0.286832	0.218773
5	0.264602	0.106815	0.587253	0.0413303
6	0.159992	0.142266	0.675424	0.0223178
7	0.497338	0.181391	0.24752	0.073751
8	0.559149	0.0651164	0.295279	0.0804551
9	0.0657599	0.0430736	0.174687	0.716479
10	0.0480344	0.054095	0.868849	0.0290219
11	0.055382	0.707845	0.0547385	0.182035
12	0.262215	0.126928	0.313648	0.29721
13	0.0223178	0.294636	0.0651164	0.61793
14	0.0841289	0.0694337	0.072464	0.773973
15	0.161279	0.259185	0.327056	0.25248
16	0.175974	0.00826606	0.807494	0.00826606
17	0.000918451	0.0112964	0.95812	0.0296654
18	0.0296654	0.911004	0.0339827	0.0253481
19	0.0865157	0.0156137	0.207108	0.690763
20	0.00459225	0.0504212	0.925699	0.0192875
21	0.155675	0.791055	0.0339827	0.0192875
22	0.8829	0.00826606	0.0901895	0.018644
23	0.582479	0.0968936	0.266532	0.054095
24	0.105528	0.167339	0.621604	0.105528
25	0.137949	0.0326957	0.328343	0.501012
26	0.61793	0.134919	0.181391	0.0657599
27	0.655125	0.197373	0.12151	0.0259916
