Pos	A	C	G	T
1	0.218153	0.339172	0.211783	0.230892
2	0.332803	0.383758	0.0907643	0.192675
3	0.428344	0.313694	0.192675	0.0652866
4	0.0589172	0.0589172	0.0461783	0.835987
5	0.0207006	0.0652866	0.00796178	0.906051
6	0.0716561	0.320064	0.326433	0.281847
7	0.160828	0.0334395	0.0398089	0.765924
8	0.0334395	0.0143312	0.00796178	0.944268
9	0.122611	0.0270701	0.848726	0.00159236
10	0.874204	0.00159236	0.103503	0.0207006
11	0.00159236	0.0207006	0.976115	0.00159236
12	0.00796178	0.179936	0.734076	0.0780255
13	0.670382	0.154459	0.0843949	0.0907643
14	0.0716561	0.670382	0.0207006	0.237261
15	0.205414	0.421975	0.224522	0.148089
16	0.0270701	0.0461783	0.0143312	0.91242
17	0.00796178	0.199045	0.00159236	0.791401
18	0.230892	0.116242	0.644904	0.00796178
19	0.772293	0.109873	0.0398089	0.0780255
20	0.0143312	0.00796178	0.0589172	0.91879
21	0.103503	0.0780255	0.638535	0.179936
22	0.670382	0.0398089	0.128981	0.160828
23	0.466561	0.116242	0.122611	0.294586
24	0.109873	0.320064	0.179936	0.390127
