Pos	A	C	G	T
1	0.333333333333333	0.121212121212121	0.53030303030303	0.0151515151515152
2	0.136363636363636	0.0151515151515152	0.848484848484849	0.0
3	0.0	0.0151515151515152	0.924242424242424	0.0606060606060606
4	0.227272727272727	0.515151515151515	0.106060606060606	0.151515151515152
5	0.257575757575758	0.0	0.712121212121212	0.0303030303030303
6	0.590909090909091	0.0	0.409090909090909	0.0
7	0.0	0.0606060606060606	0.0	0.939393939393939
8	0.0	0.0454545454545455	0.863636363636364	0.0909090909090909
9	0.924242424242424	0.0	0.0757575757575758	0.0
10	0.0909090909090909	0.787878787878788	0.0151515151515152	0.106060606060606
11	0.348484848484849	0.121212121212121	0.484848484848485	0.0454545454545455
12	0.0303030303030303	0.0454545454545455	0.0	0.924242424242424
13	0.0454545454545455	0.954545454545455	0.0	0.0
14	0.712121212121212	0.0151515151515152	0.242424242424242	0.0303030303030303
15	0.121212121212121	0.53030303030303	0.212121212121212	0.136363636363636
