Pos	A	C	G	T
1	0.0133333333333333	0.146666666666667	0.733333333333333	0.106666666666667
2	0.24	0.0933333333333333	0.613333333333333	0.0533333333333333
3	0.253333333333333	0.373333333333333	0.226666666666667	0.146666666666667
4	0.133333333333333	0.2	0.6	0.0666666666666667
5	0.266666666666667	0.28	0.453333333333333	0.0
6	0.266666666666667	0.0933333333333333	0.373333333333333	0.266666666666667
7	0.0	0.04	0.773333333333333	0.186666666666667
8	0.04	0.0533333333333333	0.813333333333333	0.0933333333333333
9	0.8	0.0	0.12	0.08
10	0.0533333333333333	0.0	0.933333333333333	0.0133333333333333
11	0.0133333333333333	0.0	0.986666666666667	0.0
12	0.04	0.0	0.946666666666667	0.0133333333333333
13	0.133333333333333	0.106666666666667	0.2	0.56
14	0.0666666666666667	0.0533333333333333	0.853333333333333	0.0266666666666667
15	0.586666666666667	0.0	0.413333333333333	0.0
16	0.0	0.0133333333333333	0.0133333333333333	0.973333333333333
17	0.0533333333333333	0.0133333333333333	0.666666666666667	0.266666666666667
18	0.746666666666667	0.0	0.146666666666667	0.106666666666667
19	0.146666666666667	0.586666666666667	0.0533333333333333	0.213333333333333
