Pos	A	C	G	T
1	0.240297	0.203767	0.27226	0.283676
2	0.290525	0.208333	0.217466	0.283676
3	0.317922	0.158105	0.20605	0.317922
4	0.299658	0.203767	0.269977	0.226598
5	0.290525	0.311073	0.224315	0.174087
6	0.317922	0.196918	0.199201	0.285959
7	0.187785	0.317922	0.290525	0.203767
8	0.199201	0.406963	0.256279	0.137557
9	0.180936	0.117009	0.164954	0.5371
10	0.00742009	0.000570776	0.920662	0.071347
11	0.000570776	0.0211187	0.948059	0.0302511
12	0.00285388	0.253995	0.00285388	0.740297
13	0.0599315	0.00513699	0.0553653	0.879566
14	0.000570776	0.000570776	0.998288	0.000570776
15	0.000570776	0.000570776	0.998288	0.000570776
16	0.0119863	0.123858	0.849886	0.0142694
17	0.00513699	0.993721	0.000570776	0.000570776
18	0.126142	0.0325342	0.0439498	0.797374
19	0.0119863	0.240297	0.322489	0.425228
20	0.247146	0.210616	0.274543	0.267694
21	0.167237	0.180936	0.432078	0.219749
