Pos	A	C	G	T
1	0.0580752	0.0558628	0.82135	0.0647124
2	0.0293142	0.0403761	0.569137	0.361173
3	0.139934	0.0669248	0.708518	0.0846239
4	0.0138274	0.011615	0.965155	0.00940265
5	0.00940265	0.00719027	0.982854	0.000553097
6	0.297013	0.022677	0.511615	0.168695
7	0.122235	0.573562	0.126659	0.177544
8	0.0956858	0.788164	0.0381637	0.0779867
9	0.365597	0.478429	0.0359513	0.120022
10	0.294801	0.0514381	0.518252	0.135509
11	0.0846239	0.011615	0.76604	0.137721
12	0.00719027	0.000553097	0.991704	0.000553097
13	0.011615	0.00497788	0.982854	0.000553097
14	0.0204646	0.0138274	0.956305	0.00940265
15	0.299226	0.686394	0.00497788	0.00940265
16	0.252765	0.604535	0.0359513	0.106748
17	0.279314	0.0647124	0.181969	0.474004
18	0.3125	0.0669248	0.542588	0.0779867
19	0.0691372	0.128872	0.159845	0.642146
20	0.0558628	0.0912611	0.748341	0.104535
21	0.288164	0.35896	0.15542	0.197456
22	0.186394	0.254978	0.400996	0.157633
23	0.283739	0.232854	0.250553	0.232854
24	0.193031	0.246128	0.3125	0.248341
