Pos	A	C	G	T
1	0.104779	0.472426	0.354779	0.0680147
2	0.0974265	0.200368	0.295956	0.40625
3	0.0533088	0.325368	0.597426	0.0238971
4	0.362132	0.332721	0.273897	0.03125
5	0.340074	0.0533088	0.251838	0.354779
6	0.00919118	0.00919118	0.979779	0.00183824
7	0.0753676	0.0459559	0.876838	0.00183824
8	0.00183824	0.965074	0.00183824	0.03125
9	0.00183824	0.443015	0.0238971	0.53125
10	0.0606618	0.318015	0.619485	0.00183824
11	0.00183824	0.987132	0.00183824	0.00919118
12	0.428309	0.0753676	0.0533088	0.443015
13	0.00183824	0.00183824	0.950368	0.0459559
14	0.00183824	0.119485	0.744485	0.134191
15	0.148897	0.634191	0.15625	0.0606618
