Pos	A	C	G	T
1	0.411616	0.0614478	0.414983	0.111953
2	0.0446128	0.832492	0.0749158	0.0479798
3	0.590067	0.0345118	0.219697	0.155724
4	0.000841751	0.000841751	0.997475	0.000841751
5	0.0782828	0.526094	0.0345118	0.361111
6	0.0378788	0.000841751	0.280303	0.680976
7	0.0143098	0.0782828	0.876263	0.0311448
8	0.122054	0.771886	0.0816498	0.0244108
9	0.0446128	0.701178	0.0345118	0.219697
10	0.377946	0.0311448	0.344276	0.246633
11	0.0715488	0.219697	0.610269	0.0984848
12	0.199495	0.297138	0.14899	0.354377
13	0.25	0.361111	0.263468	0.125421
14	0.492424	0.199495	0.199495	0.108586
15	0.135522	0.0311448	0.556397	0.276936
16	0.00420875	0.000841751	0.994108	0.000841751
17	0.882997	0.0816498	0.0277778	0.00757576
18	0.186027	0.270202	0.428451	0.11532
