Pos	A	C	G	T
1	0.746167	0.0825031	0.0929582	0.0783712
2	0.0221436	0.0534052	0.00651282	0.917938
3	0.0325641	0.00130256	0.964831	0.00130256
4	0.0762076	0.138772	0.0106379	0.774382
5	0.0221436	0.0523199	0.0106379	0.914899
6	0.960699	0.0117231	0.0210652	0.00651282
7	0.140901	0.0169333	0.827403	0.0147629
8	0.779593	0.0169333	0.15745	0.0460244
9	0.0534052	0.00130256	0.929444	0.0158481
10	0.106432	0.00651282	0.859701	0.0273539
11	0.036696	0.225183	0.0169333	0.721188
12	0.00130256	0.0553665	0.00130256	0.942028
