Pos	A	C	G	T
1	0.142	0.254	0.216	0.388
2	0.046	0.374	0.182	0.398
3	0.068	0.602	0.176	0.154
4	0.014	0.056	0.006	0.924
5	0.016	0.0	0.002	0.982
6	0.974	0.008	0.012	0.006
7	0.006	0.002	0.002	0.99
8	0.0	0.998	0.0	0.002
9	0.298	0.0	0.018	0.684
10	0.094	0.34	0.386	0.18
11	0.198	0.252	0.14	0.41
12	0.25	0.272	0.242	0.236
13	0.244	0.268	0.2	0.288
14	0.196	0.326	0.218	0.26
15	0.25	0.272	0.218	0.26
16	0.264	0.294	0.264	0.178
17	0.208	0.43	0.272	0.09
18	0.286	0.652	0.044	0.018
19	0.6	0.134	0.196	0.07
20	0.144	0.202	0.54	0.114
