Pos	A	C	G	T
1	0.100541670500593	0.413376684814144	0.307108504321006	0.178973140364257
2	0.167496669840195	0.451614667011454	0.21748015907772	0.16340850407063
3	0.192728910422465	0.362970928847768	0.305193803628661	0.139106357101105
4	0.16930643781644	0.320086665646952	0.391956055295375	0.118650841241232
5	0.168710503633048	0.565653443350241	0.232123541542392	0.0335125114743186
6	0.276943114335377	0.284872515110058	0.239880410265816	0.198303960288748
7	0.117947972834091	0.371176144816576	0.391839577163731	0.119036305185601
8	0.172384230501231	0.594630219609969	0.171917615663421	0.0610679342253788
9	0.00627773270651312	0.985919697174774	0.0	0.00780257011871208
10	0.796705742053785	0.0422352542245349	0.0943970624084756	0.0666619413132044
11	0.00943356750136535	0.751826735878939	0.0657607223940732	0.172978974225622
12	0.0211578857031801	0.0660796816427658	0.890745985246601	0.0220164474074529
13	0.0037383286161889	0.0298755686814399	0.00165912756887668	0.964726975133494
14	0.00194859075606525	0.0258123373108428	0.968027814593841	0.00421125733925054
15	0.0745342632675967	0.393922191066226	0.30243204361707	0.229111502049107
