Pos	A	C	G	T
1	0.091304347826087	0.28695652173913	0.554347826086957	0.0673913043478261
2	0.208695652173913	0.239130434782609	0.502173913043478	0.05
3	0.0739130434782609	0.378260869565217	0.169565217391304	0.378260869565217
4	0.0	1.0	0.0	0.0
5	0.995652173913044	0.0	0.00217391304347826	0.00217391304347826
6	0.0	0.871739130434783	0.0108695652173913	0.117391304347826
7	0.0108695652173913	0.00434782608695652	0.984782608695652	0.0
8	0.0	0.0	0.0	1.0
9	0.0	0.0	1.0	0.0
10	0.976086956521739	0.00652173913043478	0.0152173913043478	0.00217391304347826
11	0.0	0.882608695652174	0.00217391304347826	0.115217391304348
12	0.132608695652174	0.45	0.18695652173913	0.230434782608696
13	0.126086956521739	0.489130434782609	0.25	0.134782608695652
