Pos	A	C	G	T
1	0.387227879879324	0.201030167695812	0.269566725806889	0.142175226617974
2	0.19607496273849	0.123598384504307	0.166400324350359	0.513926328406843
3	0.184596400651749	0.0997721178417106	0.518429843073077	0.197201638433462
4	0.00953479722749977	0.507039561566352	0.471892628097643	0.0115330131085031
5	0.00380360918608775	0.988283302420741	0.00791308839317168	0.0
6	0.00186822840555636	0.951822702569773	0.00234484348956621	0.043964225535104
7	0.0500152319578135	0.131866134222919	0.0253771290099981	0.792741504809269
8	0.0353642212246156	0.0	0.917208778216617	0.0474270005587677
9	0.555037323109866	0.0253986599592488	0.415837364515816	0.00372665241506711
10	0.0734406225926037	0.0	0.924588575209067	0.00197080219832891
11	0.0	0.0	0.998116524794812	0.00188347520518773
12	0.0289315539623569	0.618247334601241	0.341017120517012	0.0118039909193886
13	0.313926062683692	0.351539264341136	0.0971523048491387	0.237382368126032
14	0.428275676168867	0.170520163890142	0.241668195228854	0.159535964712136
