Pos	A	C	G	T
1	0.446	0.084	0.394	0.076
2	0.644	0.106	0.2	0.05
3	0.12	0.09	0.136	0.654
4	0.2	0.05	0.522	0.228
5	0.162	0.166	0.556	0.116
6	0.184	0.18	0.604	0.032
7	0.784	0.038	0.164	0.014
8	0.056	0.03	0.086	0.828
9	0.056	0.106	0.064	0.774
10	0.62	0.21	0.098	0.072
11	0.032	0.154	0.808	0.006
12	0.202	0.078	0.042	0.678
13	0.012	0.026	0.818	0.144
14	0.018	0.548	0.142	0.292
15	0.07	0.878	0.02	0.032
16	0.046	0.782	0.028	0.144
17	0.21	0.076	0.044	0.67
18	0.058	0.102	0.122	0.718
19	0.444	0.112	0.154	0.29
20	0.118	0.196	0.18	0.506
21	0.482	0.17	0.286	0.062
22	0.652	0.09	0.15	0.108
23	0.336	0.082	0.35	0.232
24	0.498	0.108	0.298	0.096
