Pos	A	C	G	T
1	0.349233191294215	0.152525558498455	0.111642232829849	0.386599017526768
2	0.609883023856963	0.0224620814177172	0.0311633425762491	0.336491552298356
3	0.468815209496601	0.080384022196835	0.219528406806448	0.231272361649403
4	0.126836191814079	0.117249602153129	0.30498441058205	0.450929795600028
5	0.0599224479045574	0.0212254653167982	0.756402916440547	0.162449170487381
6	0.56472888938484	0.435271110764444	0.0	0.0
7	0.0013638020165738	0.998325653143114	0.0	0.000310544989595633
8	1.00000000014928	0.0	0.0	0.0
9	0.0	1.00000000014928	0.0	0.0
10	0.0	0.0	1.00000000014928	0.0
11	0.0	0.0	0.0	1.00000000014928
12	0.0242667784606911	0.975733221688592	0.0	0.0
