Pos	A	C	G	T
1	0.978813559322034	0.0	0.0190677966101695	0.00211864406779661
2	0.0127118644067797	0.0	0.985169491525424	0.00211864406779661
3	0.0148305084745763	0.00847457627118644	0.970338983050848	0.00635593220338983
4	0.0254237288135593	0.877118644067797	0.0105932203389831	0.086864406779661
5	0.0127118644067797	0.88771186440678	0.00635593220338983	0.0932203389830509
6	0.0148305084745763	0.11864406779661	0.0169491525423729	0.849576271186441
7	0.955508474576271	0.00423728813559322	0.0338983050847458	0.00635593220338983
8	0.0402542372881356	0.0	0.959745762711865	0.0
9	0.0190677966101695	0.00211864406779661	0.978813559322034	0.0
10	0.98728813559322	0.0	0.00847457627118644	0.00423728813559322
11	0.00635593220338983	0.0	0.98728813559322	0.00635593220338983
12	0.0211864406779661	0.0	0.968220338983051	0.0105932203389831
13	0.747881355932204	0.0127118644067797	0.230932203389831	0.00847457627118644
14	0.845338983050848	0.11864406779661	0.00847457627118644	0.0275423728813559
15	0.938559322033898	0.00635593220338983	0.00847457627118644	0.0466101694915254
16	0.813559322033898	0.00847457627118644	0.156779661016949	0.0211864406779661
17	1.0	0.0	0.0	0.0
18	0.896186440677966	0.00423728813559322	0.0995762711864407	0.0
19	0.00847457627118644	0.0296610169491525	0.00635593220338983	0.955508474576271
20	0.0148305084745763	0.0	0.983050847457627	0.00211864406779661
