Pos	A	C	G	T
1	0.0936863543788188	0.466395112016293	0.384928716904277	0.054989816700611
2	0.120162932790224	0.484725050916497	0.160896130346232	0.234215885947047
3	0.991853360488798	0.00203665987780041	0.0	0.00610997963340122
4	0.00610997963340122	0.00203665987780041	0.987780040733198	0.00407331975560082
5	0.00610997963340122	0.010183299389002	0.979633401221996	0.00407331975560082
6	0.00203665987780041	0.993890020366599	0.00407331975560082	0.0
7	0.00814663951120163	0.973523421588595	0.00203665987780041	0.0162932790224033
8	0.0570264765784114	0.354378818737271	0.321792260692464	0.266802443991853
9	0.19755600814664	0.578411405295316	0.158859470468432	0.065173116089613
10	0.317718940936864	0.054989816700611	0.578411405295316	0.0488798370672098
