Pos	A	C	G	T
1	0.235555555555556	0.151111111111111	0.428888888888889	0.184444444444444
2	0.397777777777778	0.164444444444444	0.393333333333333	0.0444444444444445
3	0.0266666666666667	0.00222222222222222	0.0177777777777778	0.953333333333333
4	0.00666666666666667	0.00888888888888889	0.953333333333333	0.0311111111111111
5	0.946666666666667	0.00666666666666667	0.0222222222222222	0.0244444444444444
6	0.0622222222222222	0.0	0.937777777777778	0.0
7	0.0133333333333333	0.0133333333333333	0.0133333333333333	0.96
8	0.0244444444444444	0.933333333333333	0.0422222222222222	0.0
9	0.988888888888889	0.00444444444444445	0.00666666666666667	0.0
10	0.0377777777777778	0.384444444444445	0.146666666666667	0.431111111111111
11	0.151111111111111	0.413333333333333	0.168888888888889	0.266666666666667
