Pos	A	C	G	T
1	0.142	0.084	0.192	0.582
2	0.028	0.142	0.038	0.792
3	0.012	0.924	0.016	0.048
4	0.916	0.028	0.024	0.032
5	0.02	0.04	0.938	0.002
6	0.074	0.676	0.174	0.076
7	0.948	0.014	0.026	0.012
8	0.014	0.944	0.03	0.012
9	0.03	0.904	0.022	0.044
10	0.552	0.11	0.158	0.18
11	0.126	0.3	0.086	0.488
12	0.03	0.008	0.958	0.004
13	0.024	0.006	0.964	0.006
14	0.864	0.066	0.028	0.042
15	0.014	0.796	0.146	0.044
16	0.948	0.01	0.018	0.024
17	0.026	0.018	0.942	0.014
18	0.136	0.642	0.11	0.112
19	0.202	0.03	0.468	0.3
20	0.138	0.606	0.18	0.076
21	0.134	0.706	0.026	0.134
22	0.272	0.43	0.124	0.174
