Pos	A	C	G	T
1	0.376753507014028	0.0661322645290581	0.402805611222445	0.154308617234469
2	0.0981963927855712	0.667334669338677	0.180360721442886	0.0541082164328657
3	0.543086172344689	0.100200400801603	0.170340681362725	0.186372745490982
4	0.0681362725450902	0.0180360721442886	0.895791583166333	0.0180360721442886
5	0.0681362725450902	0.539078156312625	0.124248496993988	0.268537074148297
6	0.0801603206412826	0.00801603206412826	0.19438877755511	0.717434869739479
7	0.00801603206412826	0.168336673346693	0.791583166332665	0.032064128256513
8	0.164328657314629	0.683366733466934	0.118236472945892	0.0340681362725451
9	0.168336673346693	0.627254509018036	0.0260521042084168	0.178356713426854
10	0.404809619238477	0.032064128256513	0.298597194388778	0.264529058116233
11	0.0901803607214429	0.170340681362725	0.629258517034068	0.110220440881764
12	0.208416833667335	0.298597194388778	0.138276553106212	0.354709418837675
13	0.256513026052104	0.272545090180361	0.312625250501002	0.158316633266533
14	0.567134268537074	0.152304609218437	0.180360721442886	0.100200400801603
15	0.140280561122245	0.0220440881763527	0.486973947895792	0.350701402805611
16	0.0961923847695391	0.00801603206412826	0.889779559118237	0.00601202404809619
17	0.75	0.146793587174349	0.0826653306613227	0.0205410821643287
18	0.200901803607214	0.251002004008016	0.269038076152305	0.279058116232465
19	0.202905811623247	0.471442885771543	0.160821643286573	0.164829659318637
20	0.166833667334669	0.635771543086172	0.104709418837675	0.092685370741483
21	0.188877755511022	0.443386773547094	0.126753507014028	0.240981963927856
