Pos	A	C	G	T
1	0.200471698113208	0.136792452830189	0.568396226415094	0.0943396226415095
2	0.672169811320755	0.0872641509433962	0.179245283018868	0.0613207547169811
3	0.252358490566038	0.0141509433962264	0.667452830188679	0.0660377358490566
4	0.132075471698113	0.035377358490566	0.808962264150944	0.0235849056603774
5	0.117924528301887	0.77122641509434	0.0306603773584906	0.080188679245283
6	0.273584905660377	0.240566037735849	0.00471698113207547	0.481132075471698
7	0.0141509433962264	0.971698113207547	0.0117924528301887	0.00235849056603774
8	0.983490566037736	0.00471698113207547	0.0	0.0117924528301887
9	0.00707547169811321	0.0141509433962264	0.97877358490566	0.0
10	0.957547169811321	0.0141509433962264	0.0235849056603774	0.00471698113207547
11	0.0283018867924528	0.0165094339622642	0.952830188679245	0.00235849056603774
12	0.957547169811321	0.0165094339622642	0.0188679245283019	0.00707547169811321
13	0.0660377358490566	0.0377358490566038	0.870283018867925	0.0259433962264151
14	0.035377358490566	0.0188679245283019	0.919811320754717	0.0259433962264151
15	0.00943396226415094	0.0754716981132076	0.285377358490566	0.629716981132076
16	0.0919811320754717	0.174528301886792	0.17688679245283	0.556603773584906
17	0.601415094339623	0.129716981132075	0.226415094339623	0.0424528301886793
18	0.724056603773585	0.0235849056603774	0.195754716981132	0.0566037735849057
19	0.044811320754717	0.0636792452830189	0.834905660377359	0.0566037735849057
20	0.120283018867925	0.22877358490566	0.158018867924528	0.492924528301887
