Pos	A	C	G	T
1	0.204851752021563	0.471698113207547	0.161725067385445	0.161725067385445
2	0.204851752021563	0.439353099730458	0.177897574123989	0.177897574123989
3	0.277628032345014	0.455525606469003	0.153638814016173	0.113207547169811
4	0.714285714285714	0.0539083557951483	0.175202156334232	0.0566037735849057
5	0.16711590296496	0.0269541778975741	0.730458221024259	0.0754716981132076
6	0.045822102425876	0.00269541778975741	0.948787061994609	0.00269541778975741
7	0.0592991913746631	0.00269541778975741	0.93800539083558	0.0
8	0.973045822102426	0.0134770889487871	0.00808625336927224	0.00539083557951483
9	0.913746630727763	0.0134770889487871	0.0646900269541779	0.00808625336927224
10	0.00269541778975741	0.00539083557951483	0.970350404312669	0.0215633423180593
11	0.045822102425876	0.536388140161725	0.078167115902965	0.339622641509434
12	0.1455525606469	0.835579514824798	0.00808625336927224	0.0107816711590297
13	0.886792452830189	0.0269541778975741	0.0646900269541779	0.0215633423180593
14	0.0215633423180593	0.1455525606469	0.0215633423180593	0.811320754716981
15	0.0215633423180593	0.129380053908356	0.0215633423180593	0.827493261455526
16	0.00539083557951483	0.150943396226415	0.1455525606469	0.69811320754717
17	0.0107816711590297	0.951482479784367	0.00539083557951483	0.032345013477089
18	0.0350404312668464	0.175202156334232	0.0161725067385445	0.773584905660378
19	0.091644204851752	0.272237196765499	0.466307277628032	0.169811320754717
20	0.53099730458221	0.132075471698113	0.164420485175202	0.172506738544474
