Pos	A	C	G	T
1	0.138571428175511	0.141428571024489	0.655714283840817	0.0642857141020408
2	0.0	0.411428570253061	0.588571426889796	0.0
3	0.999999997142857	0.0	0.0	0.0
4	0.999999997142857	0.0	0.0	0.0
5	0.999999997142857	0.0	0.0	0.0
6	0.999999997142857	0.0	0.0	0.0
7	0.999999997142857	0.0	0.0	0.0
8	0.359999998971429	0.257142856408163	0.357142856122449	0.0257142856408163
9	0.128571428204082	0.308571427689796	0.154285713844898	0.408571427404082
10	0.231428570767348	0.408571427404082	0.179999999485714	0.179999999485714
11	0.102857142563265	0.205714285126531	0.434285713044898	0.257142856408163
12	0.160714285255102	0.337857141891837	0.392142856022449	0.109285713973469
