Pos	A	C	G	T
1	0.176715176715177	0.195426195426195	0.488565488565489	0.139293139293139
2	0.0935550935550936	0.0977130977130977	0.77962577962578	0.0291060291060291
3	0.675675675675676	0.0	0.00207900207900208	0.322245322245322
4	0.024948024948025	0.0103950103950104	0.95010395010395	0.0145530145530146
5	0.0103950103950104	0.968814968814969	0.0145530145530146	0.00623700623700624
6	0.0124740124740125	0.00415800415800416	0.972972972972973	0.0103950103950104
7	0.0769230769230769	0.918918918918919	0.00207900207900208	0.00207900207900208
8	0.0103950103950104	0.00831600831600832	0.979209979209979	0.00207900207900208
9	0.0540540540540541	0.758835758835759	0.0977130977130977	0.0893970893970894
