Pos	A	C	G	T
1	0.0383693045563549	0.052757793764988	0.0359712230215827	0.872901678657074
2	0.151079136690647	0.0311750599520384	0.810551558752998	0.00719424460431655
3	0.0119904076738609	0.0311750599520384	0.00239808153477218	0.954436450839329
4	0.00239808153477218	0.0	0.992805755395684	0.00479616306954437
5	0.00959232613908873	0.00239808153477218	0.985611510791367	0.00239808153477218
6	0.0191846522781775	0.0455635491606715	0.00479616306954437	0.930455635491607
7	0.985611510791367	0.00719424460431655	0.00479616306954437	0.00239808153477218
8	0.0191846522781775	0.297362110311751	0.0143884892086331	0.669064748201439
9	0.817745803357314	0.0215827338129496	0.160671462829736	0.0
10	0.0335731414868106	0.0455635491606715	0.0239808153477218	0.896882494004796
11	0.127098321342926	0.827338129496403	0.0215827338129496	0.0239808153477218
12	0.0143884892086331	0.764988009592326	0.0	0.220623501199041
13	0.956834532374101	0.00959232613908873	0.0143884892086331	0.0191846522781775
14	0.0167865707434053	0.141486810551559	0.0359712230215827	0.805755395683453
15	0.719424460431655	0.0359712230215827	0.117505995203837	0.127098321342926
16	0.079136690647482	0.781774580335732	0.0215827338129496	0.117505995203837
17	0.836930455635492	0.105515587529976	0.0407673860911271	0.0167865707434053
18	0.762589928057554	0.026378896882494	0.167865707434053	0.0431654676258993
19	0.0479616306954437	0.0695443645083933	0.0575539568345324	0.824940047961631
20	0.0935251798561151	0.0119904076738609	0.860911270983214	0.0335731414868106
21	0.079136690647482	0.0167865707434053	0.892086330935252	0.0119904076738609
22	0.92326139088729	0.0215827338129496	0.0383693045563549	0.0167865707434053
