Pos	A	C	G	T
1	0.343949044585987	0.114649681528662	0.409766454352442	0.131634819532909
2	0.229299363057325	0.439490445859873	0.180467091295117	0.150743099787686
3	0.477707006369427	0.195329087048832	0.131634819532909	0.195329087048832
4	0.528662420382166	0.0700636942675159	0.292993630573248	0.10828025477707
5	0.271762208067941	0.114649681528662	0.484076433121019	0.129511677282378
6	0.26963906581741	0.43312101910828	0.0828025477707006	0.214437367303609
7	0.995753715498939	0.0	0.00424628450106157	0.0
8	0.955414012738854	0.0	0.00849256900212314	0.0360934182590234
9	0.0276008492569002	0.949044585987261	0.0212314225053079	0.00212314225053079
10	1.0	0.0	0.0	0.0
11	0.0	0.0	1.0	0.0
12	0.915074309978769	0.0615711252653928	0.0127388535031847	0.0106157112526539
13	0.995753715498939	0.0	0.00212314225053079	0.00212314225053079
14	0.789808917197452	0.0191082802547771	0.0530785562632696	0.138004246284501
15	0.178343949044586	0.43312101910828	0.193205944798302	0.195329087048832
16	0.0658174097664544	0.910828025477707	0.00212314225053079	0.0212314225053079
17	0.0743099787685775	0.469214437367304	0.0360934182590234	0.420382165605096
18	0.549893842887474	0.24416135881104	0.0828025477707006	0.123142250530786
19	0.464968152866242	0.256900212314225	0.150743099787686	0.127388535031847
