Pos	A	C	G	T
1	0.378318584070797	0.342920353982301	0.194690265486726	0.084070796460177
2	0.247787610619469	0.0309734513274336	0.581858407079646	0.139380530973451
3	0.0641592920353982	0.0	0.93141592920354	0.00442477876106195
4	0.0	0.00221238938053097	0.995575221238938	0.00221238938053097
5	0.0	0.0	1.0	0.0
6	0.0907079646017699	0.878318584070797	0.00221238938053097	0.0287610619469027
7	0.0221238938053097	0.00221238938053097	0.960176991150443	0.0154867256637168
8	0.00442477876106195	0.0088495575221239	0.792035398230089	0.194690265486726
9	0.0973451327433628	0.0	0.86283185840708	0.0398230088495575
10	0.0132743362831858	0.00663716814159292	0.964601769911505	0.0154867256637168
11	0.130530973451327	0.800884955752213	0.0287610619469027	0.0398230088495575
