Pos	A	C	G	T
1	0.253333333333333	0.128888888888889	0.151111111111111	0.466666666666667
2	0.573333333333333	0.08	0.175555555555556	0.171111111111111
3	0.115555555555556	0.0155555555555556	0.711111111111111	0.157777777777778
4	0.0488888888888889	0.00222222222222222	0.944444444444445	0.00444444444444445
5	0.871111111111111	0.0111111111111111	0.104444444444444	0.0133333333333333
6	0.0755555555555556	0.0466666666666667	0.855555555555556	0.0222222222222222
7	0.00888888888888889	0.5	0.0222222222222222	0.468888888888889
8	0.231111111111111	0.0133333333333333	0.686666666666667	0.0688888888888889
9	0.00888888888888889	0.00444444444444445	0.975555555555556	0.0111111111111111
10	0.982222222222222	0.00444444444444445	0.00444444444444445	0.00888888888888889
11	0.973333333333333	0.00222222222222222	0.02	0.00444444444444445
12	0.0111111111111111	0.0533333333333333	0.0177777777777778	0.917777777777778
13	0.0511111111111111	0.0177777777777778	0.0977777777777778	0.833333333333333
14	0.02	0.0111111111111111	0.96	0.00888888888888889
15	0.117777777777778	0.784444444444445	0.0177777777777778	0.08
16	0.233333333333333	0.0666666666666667	0.0511111111111111	0.648888888888889
17	0.208888888888889	0.0444444444444445	0.602222222222222	0.144444444444444
18	0.164444444444444	0.155555555555556	0.593333333333333	0.0866666666666667
19	0.3	0.104444444444444	0.491111111111111	0.104444444444444
20	0.131111111111111	0.135555555555556	0.164444444444444	0.568888888888889
21	0.175555555555556	0.531111111111111	0.115555555555556	0.177777777777778
22	0.526666666666667	0.155555555555556	0.144444444444444	0.173333333333333
23	0.144444444444444	0.177777777777778	0.175555555555556	0.502222222222222
24	0.506666666666667	0.128888888888889	0.202222222222222	0.162222222222222
