Pos	A	C	G	T
1	0.155241935483871	0.185483870967742	0.51008064516129	0.149193548387097
2	0.221774193548387	0.247983870967742	0.479838709677419	0.0504032258064516
3	0.445564516129032	0.189516129032258	0.280241935483871	0.0846774193548387
4	0.459677419354839	0.0181451612903226	0.368951612903226	0.153225806451613
5	0.0483870967741936	0.0060483870967742	0.814516129032258	0.131048387096774
6	0.0241935483870968	0.0	0.955645161290323	0.0201612903225806
7	0.0443548387096774	0.0524193548387097	0.891129032258065	0.0120967741935484
8	0.26008064516129	0.457661290322581	0.0	0.282258064516129
9	0.116935483870968	0.0060483870967742	0.854838709677419	0.0221774193548387
10	0.0282258064516129	0.0221774193548387	0.689516129032258	0.26008064516129
11	0.209677419354839	0.0645161290322581	0.683467741935484	0.0423387096774194
12	0.0866935483870968	0.030241935483871	0.836693548387097	0.0463709677419355
13	0.229838709677419	0.453629032258065	0.207661290322581	0.108870967741935
14	0.294354838709677	0.318548387096774	0.137096774193548	0.25
15	0.0625	0.157258064516129	0.522177419354839	0.258064516129032
16	0.147177419354839	0.127016129032258	0.608870967741935	0.116935483870968
17	0.161290322580645	0.171370967741936	0.602822580645161	0.0645161290322581
18	0.348790322580645	0.110887096774194	0.433467741935484	0.106854838709677
19	0.258064516129032	0.233870967741936	0.455645161290323	0.0524193548387097
