Pos	A	C	G	T
1	0.0763888888888889	0.0277777777777778	0.888888888888889	0.00694444444444444
2	0.9375	0.0416666666666667	0.00694444444444444	0.0138888888888889
3	0.916666666666667	0.0138888888888889	0.0277777777777778	0.0416666666666667
4	0.0277777777777778	0.0625	0.00694444444444444	0.902777777777778
5	0.0208333333333333	0.0	0.972222222222222	0.00694444444444444
6	0.0347222222222222	0.0486111111111111	0.909722222222222	0.00694444444444444
7	0.958333333333333	0.0	0.0138888888888889	0.0277777777777778
8	0.770833333333333	0.215277777777778	0.0138888888888889	0.0
9	0.0625	0.0347222222222222	0.0	0.902777777777778
10	0.0208333333333333	0.479166666666667	0.4375	0.0625
11	0.0763888888888889	0.0277777777777778	0.861111111111111	0.0347222222222222
12	0.916666666666667	0.0138888888888889	0.00694444444444444	0.0625
13	0.923611111111111	0.00694444444444444	0.0625	0.00694444444444444
14	0.0138888888888889	0.0763888888888889	0.0138888888888889	0.895833333333333
15	0.111111111111111	0.0	0.881944444444444	0.00694444444444444
16	0.0138888888888889	0.0138888888888889	0.965277777777778	0.00694444444444444
17	0.958333333333333	0.00694444444444444	0.0	0.0347222222222222
18	0.979166666666667	0.0	0.0138888888888889	0.00694444444444444
19	0.0277777777777778	0.0208333333333333	0.0416666666666667	0.909722222222222
20	0.0416666666666667	0.638888888888889	0.284722222222222	0.0347222222222222
