Pos	A	C	G	T
1	0.170454545454545	0.0681818181818182	0.128787878787879	0.632575757575758
2	0.185606060606061	0.640151515151515	0.0757575757575758	0.0984848484848485
3	0.806818181818182	0.109848484848485	0.0303030303030303	0.053030303030303
4	0.0681818181818182	0.0454545454545455	0.071969696969697	0.814393939393939
5	0.0227272727272727	0.65530303030303	0.166666666666667	0.15530303030303
6	0.659090909090909	0.053030303030303	0.28030303030303	0.00757575757575758
7	0.833333333333333	0.0606060606060606	0.0757575757575758	0.0303030303030303
8	0.446969696969697	0.178030303030303	0.272727272727273	0.102272727272727
9	0.265151515151515	0.0303030303030303	0.359848484848485	0.34469696969697
10	0.0568181818181818	0.102272727272727	0.549242424242424	0.291666666666667
11	0.0416666666666667	0.496212121212121	0.424242424242424	0.0378787878787879
12	0.310606060606061	0.651515151515151	0.0113636363636364	0.0265151515151515
13	0.261363636363636	0.21969696969697	0.0189393939393939	0.5
14	0.0492424242424242	0.507575757575758	0.0568181818181818	0.386363636363636
15	0.628787878787879	0.253787878787879	0.0946969696969697	0.0227272727272727
16	0.518939393939394	0.0643939393939394	0.329545454545455	0.0871212121212121
17	0.503787878787879	0.200757575757576	0.257575757575758	0.0378787878787879
18	0.799242424242424	0.0606060606060606	0.132575757575758	0.00757575757575758
19	0.606060606060606	0.0303030303030303	0.0606060606060606	0.303030303030303
20	0.0795454545454545	0.102272727272727	0.511363636363636	0.306818181818182
21	0.147727272727273	0.0984848484848485	0.545454545454545	0.208333333333333
22	0.420454545454545	0.117424242424242	0.204545454545455	0.257575757575758
