Pos	A	C	G	T
1	0.242	0.054	0.416	0.288
2	0.026	0.038	0.902	0.034
3	0.106	0.582	0.258	0.054
4	0.48	0.376	0.052	0.092
5	0.036	0.238	0.048	0.678
6	0.046	0.188	0.32	0.446
7	0.1225	0.6965	0.1005	0.0805
8	0.0085	0.1445	0.0125	0.8345
9	0.0165	0.0065	0.9665	0.0105
10	0.0125	0.0005	0.9805	0.0065
11	0.0305	0.0025	0.9525	0.0145
12	0.8565	0.0205	0.0605	0.0625
13	0.4405	0.0945	0.3465	0.1185
14	0.3145	0.0945	0.1005	0.4905
15	0.0405	0.0965	0.0805	0.7825
16	0.0345	0.0405	0.9025	0.0225
17	0.0605	0.0265	0.1085	0.8045
18	0.8465	0.0185	0.0905	0.0445
19	0.0445	0.0385	0.9005	0.0165
20	0.0245	0.0365	0.0765	0.8625
21	0.0325	0.4205	0.0605	0.4865
22	0.0545	0.5005	0.0645	0.3805
