Pos	A	C	G	T
1	0.412955465587045	0.0668016194331984	0.423076923076923	0.097165991902834
2	0.477732793522267	0.0	0.516194331983806	0.00607287449392713
3	0.0	0.997975708502024	0.0	0.00202429149797571
4	1.0	0.0	0.0	0.0
5	0.00202429149797571	0.0	0.997975708502024	0.0
6	0.00202429149797571	0.0	0.997975708502024	0.0
7	0.00202429149797571	0.0	0.0	0.997975708502024
8	0.0	0.0	0.995951417004049	0.00404858299595142
9	0.0263157894736842	0.605263157894737	0.153846153846154	0.214574898785425
10	0.356275303643725	0.238866396761134	0.208502024291498	0.196356275303644
11	0.11336032388664	0.216599190283401	0.305668016194332	0.364372469635628
