Pos	A	C	G	T
1	0.282555282555283	0.0540540540540541	0.520884520884521	0.142506142506143
2	0.0614250614250614	0.0540540540540541	0.621621621621622	0.262899262899263
3	0.0884520884520885	0.751842751842752	0.0982800982800983	0.0614250614250614
4	0.651105651105651	0.14987714987715	0.058968058968059	0.14004914004914
5	0.0712530712530713	0.0393120393120393	0.85995085995086	0.0294840294840295
6	0.0466830466830467	0.894348894348895	0.0319410319410319	0.027027027027027
7	0.707616707616708	0.0417690417690418	0.194103194103194	0.0565110565110565
8	0.0245700245700246	0.0147420147420147	0.948402948402949	0.0122850122850123
9	0.0491400491400492	0.027027027027027	0.862407862407863	0.0614250614250614
10	0.105651105651106	0.0221130221130221	0.845208845208845	0.027027027027027
11	0.0515970515970516	0.904176904176904	0.0319410319410319	0.0122850122850123
12	0.665847665847666	0.135135135135135	0.0909090909090909	0.108108108108108
13	0.2997542997543	0.0933660933660934	0.474201474201474	0.132678132678133
14	0.0687960687960688	0.0909090909090909	0.253071253071253	0.587223587223587
15	0.15970515970516	0.117936117936118	0.238329238329238	0.484029484029484
16	0.673218673218673	0.115479115479115	0.154791154791155	0.0565110565110565
17	0.115479115479115	0.0933660933660934	0.267813267813268	0.523341523341523
18	0.373464373464374	0.105651105651106	0.43980343980344	0.0810810810810811
