Pos	A	C	G	T
1	0.166666666666667	0.182222222222222	0.442222222222222	0.208888888888889
2	0.0444444444444445	0.833333333333333	0.0733333333333333	0.0488888888888889
3	0.0177777777777778	0.942222222222222	0.0266666666666667	0.0133333333333333
4	0.34	0.0688888888888889	0.373333333333333	0.217777777777778
5	0.124444444444444	0.446666666666667	0.417777777777778	0.0111111111111111
6	0.142222222222222	0.511111111111111	0.0911111111111111	0.255555555555556
7	0.873333333333333	0.0444444444444445	0.0311111111111111	0.0511111111111111
8	0.00888888888888889	0.0111111111111111	0.977777777777778	0.00222222222222222
9	0.231111111111111	0.0	0.755555555555556	0.0133333333333333
10	0.08	0.0911111111111111	0.733333333333334	0.0955555555555556
11	0.00888888888888889	0.00222222222222222	0.982222222222222	0.00666666666666667
12	0.0111111111111111	0.0133333333333333	0.935555555555556	0.04
13	0.0822222222222222	0.897777777777778	0.00444444444444445	0.0155555555555556
14	0.211111111111111	0.00444444444444445	0.768888888888889	0.0155555555555556
15	0.0288888888888889	0.706666666666667	0.206666666666667	0.0577777777777778
16	0.128888888888889	0.408888888888889	0.0777777777777778	0.384444444444445
17	0.264444444444444	0.262222222222222	0.38	0.0933333333333334
