Pos	A	C	G	T
1	0.558139534883721	0.144186046511628	0.181395348837209	0.116279069767442
2	0.597674418604651	0.130232558139535	0.188372093023256	0.0837209302325582
3	0.551162790697674	0.130232558139535	0.213953488372093	0.104651162790698
4	0.376744186046512	0.137209302325581	0.313953488372093	0.172093023255814
5	0.576744186046512	0.12093023255814	0.202325581395349	0.1
6	0.590697674418605	0.0883720930232558	0.211627906976744	0.109302325581395
7	0.179069767441861	0.0465116279069768	0.523255813953488	0.251162790697674
8	0.0697674418604651	0.00465116279069768	0.911627906976744	0.013953488372093
9	0.00930232558139535	0.0	0.967441860465116	0.0232558139534884
10	0.00697674418604651	0.00232558139534884	0.990697674418605	0.0
11	0.0209302325581395	0.0	0.979069767441861	0.0
12	0.986046511627907	0.00232558139534884	0.00697674418604651	0.00465116279069768
13	0.0930232558139535	0.813953488372093	0.072093023255814	0.0209302325581395
14	0.627906976744186	0.158139534883721	0.104651162790698	0.109302325581395
15	0.0651162790697675	0.0813953488372093	0.176744186046512	0.676744186046512
16	0.0511627906976744	0.027906976744186	0.848837209302326	0.072093023255814
17	0.193023255813954	0.453488372093023	0.0837209302325582	0.269767441860465
18	0.42093023255814	0.179069767441861	0.146511627906977	0.253488372093023
19	0.202325581395349	0.0488372093023256	0.56046511627907	0.188372093023256
20	0.113953488372093	0.0744186046511628	0.767441860465116	0.0441860465116279
21	0.104651162790698	0.0813953488372093	0.73953488372093	0.0744186046511628
