Pos	A	C	G	T
1	0.5785	0.0605	0.0625	0.2985
2	0.1345	0.1185	0.1905	0.5565
3	0.0545	0.1345	0.0665	0.7445
4	0.0445	0.7345	0.0145	0.2065
5	0.9565	0.0105	0.0125	0.0205
6	0.0725	0.0345	0.2365	0.6565
7	0.0585	0.1825	0.6165	0.1425
8	0.6225	0.1245	0.1765	0.0765
9	0.7225	0.0325	0.1805	0.0645
10	0.1045	0.3365	0.0345	0.5245
11	0.1885	0.2385	0.0345	0.5385
12	0.1825	0.0025	0.7845	0.0305
13	0.0245	0.0125	0.9505	0.0125
14	0.1505	0.0745	0.7645	0.0105
15	0.0545	0.9245	0.0065	0.0145
16	0.8405	0.0205	0.0525	0.0865
17	0.0265	0.0725	0.8845	0.0165
18	0.018	0.84	0.098	0.044
19	0.626	0.194	0.058	0.122
20	0.14	0.454	0.154	0.252
