Pos	A	C	G	T
1	0.0629067245119306	0.0433839479392625	0.783080260303688	0.110629067245119
2	0.0390455531453362	0.0195227765726681	0.40997830802603	0.531453362255965
3	0.0889370932754881	0.0390455531453362	0.778741865509762	0.0932754880694143
4	0.0195227765726681	0.0108459869848156	0.956616052060738	0.0130151843817787
5	0.017353579175705	0.0151843817787419	0.954446854663775	0.0130151843817787
6	0.37527114967462	0.0260303687635575	0.323210412147506	0.275488069414317
7	0.0911062906724512	0.611713665943601	0.127982646420824	0.169197396963124
8	0.110629067245119	0.770065075921909	0.052060737527115	0.0672451193058568
9	0.501084598698482	0.299349240780911	0.0498915401301519	0.149674620390456
10	0.245119305856833	0.0238611713665944	0.620390455531453	0.110629067245119
11	0.086767895878525	0.0108459869848156	0.754880694143167	0.147505422993492
12	0.0151843817787419	0.00216919739696312	0.969631236442516	0.0130151843817787
13	0.0281995661605206	0.00433839479392625	0.967462039045553	0.0
14	0.0433839479392625	0.0281995661605206	0.906724511930586	0.0216919739696312
15	0.27114967462039	0.711496746203905	0.0086767895878525	0.0086767895878525
16	0.286334056399132	0.59002169197397	0.0455531453362256	0.0780911062906725
17	0.459869848156182	0.052060737527115	0.151843817787419	0.336225596529284
18	0.386117136659436	0.0563991323210412	0.438177874186551	0.119305856832972
19	0.06941431670282	0.221258134490239	0.134490238611714	0.574837310195228
20	0.0997830802603037	0.0542299349240781	0.737527114967462	0.108459869848156
