Pos	A	C	G	T
1	0.0288248337028825	0.0731707317073171	0.0310421286031042	0.866962305986696
2	0.0465631929046563	0.0	0.946784922394679	0.00665188470066519
3	0.00886917960088692	0.0	0.991130820399113	0.0
4	1.0	0.0	0.0	0.0
5	0.898004434589801	0.00665188470066519	0.0953436807095344	0.0
6	0.00443458980044346	0.0199556541019956	0.0	0.975609756097561
7	0.993348115299335	0.0	0.00665188470066519	0.0
8	0.00886917960088692	0.607538802660754	0.0620842572062084	0.321507760532151
9	0.00665188470066519	0.00886917960088692	0.00665188470066519	0.977827050997783
10	1.0	0.0	0.0	0.0
11	0.0	0.252771618625277	0.0199556541019956	0.727272727272727
12	0.190687361419069	0.00221729490022173	0.458980044345898	0.348115299334812
13	0.00443458980044346	0.957871396895787	0.00886917960088692	0.0288248337028825
14	0.9490022172949	0.0	0.0354767184035477	0.0155210643015521
15	0.0376940133037694	0.0155210643015521	0.946784922394679	0.0
16	0.0	0.977827050997783	0.00221729490022173	0.0199556541019956
17	0.1019955654102	0.864745011086475	0.0	0.0332594235033259
18	0.829268292682927	0.0310421286031042	0.0798226164079823	0.0598669623059867
19	0.0221729490022173	0.0177383592017738	0.0399113082039911	0.920177383592018
20	0.257206208425721	0.0509977827050998	0.658536585365854	0.0332594235033259
21	0.988913525498891	0.00443458980044346	0.0	0.00665188470066519
22	0.995565410199557	0.00221729490022173	0.00221729490022173	0.0
23	0.960088691796009	0.024390243902439	0.0155210643015521	0.0
24	1.0	0.0	0.0	0.0
