Pos	A	C	G	T
1	0.271084337349398	0.0381526104417671	0.668674698795181	0.0220883534136546
2	0.753012048192771	0.0240963855421687	0.190763052208835	0.0321285140562249
3	0.837349397590361	0.0240963855421687	0.116465863453815	0.0220883534136546
4	0.198795180722892	0.0261044176706827	0.586345381526104	0.188755020080321
5	0.598393574297189	0.0562248995983936	0.279116465863454	0.0662650602409639
6	0.236947791164659	0.0261044176706827	0.6285140562249	0.108433734939759
7	0.744979919678715	0.00803212851405623	0.214859437751004	0.0321285140562249
8	0.381526104417671	0.0682730923694779	0.522088353413655	0.0281124497991968
9	0.64859437751004	0.0622489959839357	0.116465863453815	0.172690763052209
10	0.568273092369478	0.210843373493976	0.0783132530120482	0.142570281124498
11	0.200803212851406	0.0481927710843374	0.126506024096386	0.624497991967872
12	0.0582329317269076	0.184738955823293	0.144578313253012	0.612449799196787
13	0.524096385542169	0.228915662650602	0.124497991967871	0.122489959839357
14	0.347389558232932	0.0863453815261044	0.5	0.0662650602409639
15	0.134538152610442	0.0642570281124498	0.102409638554217	0.698795180722892
16	0.20281124497992	0.162650602409639	0.56425702811245	0.070281124497992
17	0.652610441767068	0.0682730923694779	0.242971887550201	0.036144578313253
18	0.724899598393574	0.072289156626506	0.112449799196787	0.0903614457831325
19	0.405622489959839	0.329317269076305	0.0582329317269076	0.206827309236948
20	0.0763052208835342	0.0602409638554217	0.0763052208835342	0.78714859437751
21	0.0863453815261044	0.0140562248995984	0.793172690763052	0.106425702811245
22	0.160642570281125	0.0140562248995984	0.815261044176707	0.0100401606425703
23	0.913654618473896	0.0240963855421687	0.0481927710843374	0.0140562248995984
24	0.795180722891566	0.0582329317269076	0.114457831325301	0.0321285140562249
