Pos	A	C	G	T
1	0.645161290322581	0.0826612903225807	0.118951612903226	0.153225806451613
2	0.0967741935483871	0.681451612903226	0.102822580645161	0.118951612903226
3	0.828629032258065	0.0766129032258065	0.032258064516129	0.0625
4	0.227822580645161	0.185483870967742	0.100806451612903	0.485887096774194
5	0.106854838709677	0.13508064516129	0.0806451612903226	0.67741935483871
6	0.715725806451613	0.0524193548387097	0.195564516129032	0.0362903225806452
7	0.792338709677419	0.0544354838709677	0.0887096774193549	0.0645161290322581
8	0.782258064516129	0.0806451612903226	0.0987903225806452	0.0383064516129032
9	0.145161290322581	0.125	0.100806451612903	0.629032258064516
10	0.30241935483871	0.0262096774193548	0.629032258064516	0.0423387096774194
11	0.0725806451612903	0.092741935483871	0.252016129032258	0.582661290322581
12	0.810483870967742	0.0483870967741936	0.120967741935484	0.0201612903225806
13	0.935483870967742	0.030241935483871	0.0201612903225806	0.0141129032258065
14	0.776209677419355	0.0362903225806452	0.11491935483871	0.0725806451612903
15	0.199596774193548	0.0766129032258065	0.151209677419355	0.57258064516129
16	0.122983870967742	0.0262096774193548	0.792338709677419	0.0584677419354839
17	0.328629032258065	0.0645161290322581	0.538306451612903	0.0685483870967742
18	0.439516129032258	0.169354838709677	0.141129032258065	0.25
19	0.173387096774194	0.479838709677419	0.0907258064516129	0.256048387096774
20	0.183467741935484	0.108870967741935	0.199596774193548	0.508064516129032
21	0.661290322580645	0.0645161290322581	0.233870967741936	0.0403225806451613
22	0.788306451612903	0.0584677419354839	0.120967741935484	0.032258064516129
23	0.75	0.0584677419354839	0.11491935483871	0.0766129032258065
24	0.191532258064516	0.262096774193548	0.0745967741935484	0.471774193548387
