Pos	A	C	G	T
1	0.227642276422764	0.193089430894309	0.471544715447155	0.107723577235772
2	0.136178861788618	0.172764227642276	0.339430894308943	0.351626016260163
3	0.0508130081300813	0.0386178861788618	0.896341463414634	0.0142276422764228
4	0.154471544715447	0.670731707317073	0.0121951219512195	0.16260162601626
5	0.00203252032520325	0.0	0.987804878048781	0.0101626016260163
6	0.00406504065040651	0.00203252032520325	0.544715447154472	0.449186991869919
7	0.0345528455284553	0.00203252032520325	0.963414634146342	0.0
8	0.0	0.00406504065040651	0.989837398373984	0.00609756097560976
9	0.0	0.0	1.0	0.0
10	0.148373983739837	0.611788617886179	0.0	0.239837398373984
11	0.0	0.00609756097560976	0.989837398373984	0.00406504065040651
12	0.024390243902439	0.0284552845528455	0.778455284552846	0.16869918699187
13	0.26219512195122	0.0853658536585366	0.548780487804878	0.103658536585366
14	0.219512195121951	0.0975609756097561	0.577235772357724	0.105691056910569
