Pos	A	C	G	T
1	0.314	0.09	0.36	0.236
2	0.146	0.074	0.684	0.096
3	0.072	0.82	0.044	0.064
4	0.776	0.06	0.142	0.022
5	0.016	0.946	0.038	0.0
6	0.716	0.1	0.05	0.134
7	0.008	0.576	0.034	0.382
8	0.934	0.006	0.022	0.038
9	0.014	0.042	0.926	0.018
10	0.022	0.022	0.038	0.918
11	0.772	0.048	0.176	0.004
12	0.062	0.004	0.88	0.054
13	0.016	0.022	0.934	0.028
14	0.178	0.172	0.232	0.418
15	0.182	0.424	0.284	0.11
16	0.134	0.458	0.1	0.308
17	0.24	0.102	0.222	0.436
18	0.106	0.518	0.14	0.236
19	0.448	0.154	0.124	0.274
