Pos	A	C	G	T
1	0.09375	0.40625	0.352083333333333	0.147916666666667
2	0.09375	0.735416666666667	0.116666666666667	0.0541666666666667
3	0.102083333333333	0.216666666666667	0.0520833333333333	0.629166666666667
4	0.0333333333333333	0.00416666666666667	0.935416666666667	0.0270833333333333
5	0.00833333333333333	0.3625	0.00625	0.622916666666667
6	0.0104166666666667	0.9625	0.00416666666666667	0.0229166666666667
7	0.722916666666667	0.114583333333333	0.0604166666666667	0.102083333333333
8	0.377083333333333	0.33125	0.26875	0.0229166666666667
9	0.0104166666666667	0.0270833333333333	0.0125	0.95
10	0.0104166666666667	0.895833333333333	0.0520833333333333	0.0416666666666667
11	0.658333333333333	0.104166666666667	0.0895833333333333	0.147916666666667
