Pos	A	C	G	T
1	0.0	0.0237467019216199	0.0	0.976253301222152
2	0.308707124981059	0.0	0.643799474319474	0.0474934038432399
3	0.0	0.0	0.0237467019216199	0.976253301222152
4	0.0	0.0	0.0	1.00000000314377
5	0.0	0.0	0.0	1.00000000314377
6	0.548812666632994	0.0	0.451187336510779	0.0
7	0.0	0.192612137808695	0.0	0.807387865335078
8	0.1187335096081	0.216358839730315	0.0	0.664907653805358
9	0.0	0.0237467019216199	0.237467019216199	0.738786282005954
10	0.465699209907324	0.0831134567256698	0.130606860568909	0.320580475941869
