Pos	A	C	G	T
1	0.15238095257938	0.461904762506245	0.0904761905940069	0.295238095622548
2	0.133333333506957	0.0285714286086338	0.0714285715215843	0.766666667665007
3	0.0333333333767393	0.438095238665717	0.242857143173387	0.285714286086338
4	0.0	0.0238095238405281	0.0	0.976190477461656
5	0.0	0.104761904898324	0.89523809640386	0.0
6	1.00000000130218	0.0	0.0	0.0
7	0.0	0.0	0.0	1.00000000130218
8	0.0	0.0	0.0	1.00000000130218
9	0.0	0.0	0.990476191765973	0.00952380953621124
10	0.0	0.0	1.00000000130218	0.0
11	0.0428571429129506	0.476190476810562	0.0	0.480952381578668
12	0.0	0.49047619111488	0.0190476190724224	0.49047619111488
