Pos	A	C	G	T
1	0.15079195578336	0.326645662510568	0.189418499478227	0.333143882211575
2	0.0175727233082381	0.0109056031067497	0.0111129343447614	0.96040873922398
3	0.123341379921276	0.00263877030772565	0.872832097923067	0.00118775183165991
4	0.0027183206620786	0.0274410698448962	0.00178563028104221	0.968054979195712
5	0.0	0.00116553777044437	0.0665337149873613	0.932300747225922
6	0.00315009396903838	0.0163817694497363	0.133565545275313	0.846902591289642
7	0.740488626204625	0.15320688440217	0.0487848802028198	0.0575196091741135
8	0.15395246275506	0.669162371189594	0.0127791890626048	0.164105976976471
9	0.30173989748107	0.184112340747876	0.178482783721922	0.335664978032861
