Pos	A	C	G	T
1	0.129770992366412	0.206106870229008	0.0916030534351145	0.572519083969466
2	0.122137404580153	0.190839694656489	0.106870229007634	0.580152671755725
3	0.145038167938931	0.152671755725191	0.396946564885496	0.305343511450382
4	0.0305343511450382	0.923664122137405	0.0152671755725191	0.0305343511450382
5	0.0	0.938931297709924	0.00763358778625954	0.0534351145038168
6	0.320610687022901	0.0763358778625954	0.0305343511450382	0.572519083969466
7	0.129770992366412	0.0534351145038168	0.0305343511450382	0.786259541984733
8	0.603053435114504	0.0229007633587786	0.0458015267175573	0.32824427480916
9	0.0	0.00763358778625954	0.00763358778625954	0.984732824427481
10	0.526717557251908	0.0458015267175573	0.0	0.427480916030534
11	0.190839694656489	0.0229007633587786	0.00763358778625954	0.778625954198473
12	0.0534351145038168	0.0229007633587786	0.923664122137405	0.0
13	0.0381679389312977	0.00763358778625954	0.954198473282443	0.0
14	0.106870229007634	0.213740458015267	0.343511450381679	0.33587786259542
15	0.16030534351145	0.587786259541985	0.152671755725191	0.099236641221374
16	0.488549618320611	0.0763358778625954	0.0916030534351145	0.343511450381679
17	0.16793893129771	0.152671755725191	0.213740458015267	0.465648854961832
18	0.312977099236641	0.114503816793893	0.320610687022901	0.251908396946565
