Pos	A	C	G	T
1	0.390086206896552	0.370689655172414	0.170258620689655	0.0689655172413793
2	0.183189655172414	0.571120689655172	0.142241379310345	0.103448275862069
3	0.252155172413793	0.674568965517242	0.0258620689655172	0.0474137931034483
4	0.224137931034483	0.120689655172414	0.00431034482758621	0.650862068965517
5	0.480603448275862	0.0581896551724138	0.40301724137931	0.0581896551724138
6	0.0603448275862069	0.21551724137931	0.0625	0.661637931034483
7	0.793103448275862	0.127155172413793	0.0301724137931035	0.0495689655172414
8	0.9375	0.021551724137931	0.0237068965517241	0.0172413793103448
9	0.0387931034482759	0.0258620689655172	0.0301724137931035	0.905172413793104
10	0.0280172413793103	0.165948275862069	0.0905172413793104	0.71551724137931
11	0.646551724137931	0.0431034482758621	0.0668103448275862	0.243534482758621
