Pos	A	C	G	T
1	0.162025852795012	0.428360220190322	0.179286644233788	0.230327282917641
2	0.206978021907807	0.518562600226907	0.0942722666522376	0.180187111349812
3	0.465270344271693	0.193969345140997	0.158747965718999	0.182012345005075
4	0.328269130759876	0.0246470763366076	0.516633209296405	0.130450583743874
5	0.0	0.625974664947058	0.000260868866068203	0.373764466323639
6	0.00979331655764566	0.989278965579801	0.000927717999316841	0.0
7	0.991680160505633	0.00780273275432858	0.0	0.000517106876801589
8	0.885533026712026	0.0832895499961319	0.0311774234286057	0.0
9	0.0189405979767378	0.00478377894314859	0.0	0.976275623216876
10	0.0549003210198665	0.725442297862008	0.213785206158878	0.00587217509601059
11	0.737086575269926	0.0218294941462473	0.178719645806079	0.0623642849145107
12	0.368707234895448	0.179290749549993	0.390725098339278	0.0612769173520448
13	0.428794163819382	0.277791202585345	0.219962686700109	0.0734519470319288
14	0.340200782415549	0.170585725949084	0.379659374154802	0.10955411761733
