Pos	A	C	G	T
1	0.0503018108651912	0.00804828973843059	0.901408450704225	0.0402414486921529
2	0.06841046277666	0.00804828973843059	0.915492957746479	0.00804828973843059
3	0.0140845070422535	0.00603621730382294	0.961770623742455	0.0181086519114688
4	0.710261569416499	0.0100603621730382	0.27364185110664	0.00603621730382294
5	0.859154929577465	0.0482897384305835	0.0885311871227364	0.00402414486921529
6	0.941649899396378	0.00201207243460765	0.0563380281690141	0.0
7	0.13682092555332	0.152917505030181	0.261569416498994	0.448692152917505
8	0.106639839034205	0.348088531187123	0.0422535211267606	0.503018108651912
9	0.062374245472837	0.913480885311871	0.0160965794768612	0.00804828973843059
10	0.062374245472837	0.921529175050302	0.00201207243460765	0.0140845070422535
11	0.0583501006036217	0.875251509054326	0.0321931589537223	0.03420523138833
