Pos	A	C	G	T
1	0.306584362139918	0.065843621399177	0.530864197530864	0.0967078189300412
2	0.218106995884774	0.0390946502057613	0.625514403292181	0.117283950617284
3	0.440329218106996	0.0308641975308642	0.469135802469136	0.0596707818930041
4	0.00823045267489712	0.932098765432099	0.0185185185185185	0.0411522633744856
5	0.798353909465021	0.0308641975308642	0.051440329218107	0.119341563786008
6	0.15843621399177	0.00617283950617284	0.0432098765432099	0.792181069958848
7	0.00205761316872428	0.00823045267489712	0.989711934156379	0.0
8	0.0246913580246914	0.339506172839506	0.00617283950617284	0.62962962962963
9	0.0390946502057613	0.751028806584362	0.0432098765432099	0.166666666666667
10	0.127572016460905	0.0390946502057613	0.111111111111111	0.722222222222222
11	0.0720164609053498	0.0843621399176955	0.820987654320988	0.0226337448559671
12	0.183127572016461	0.0349794238683128	0.67283950617284	0.109053497942387
13	0.425925925925926	0.00823045267489712	0.516460905349794	0.0493827160493827
14	0.01440329218107	0.977366255144033	0.00205761316872428	0.00617283950617284
15	0.73045267489712	0.0473251028806584	0.00617283950617284	0.216049382716049
16	0.222222222222222	0.0329218106995885	0.0576131687242798	0.68724279835391
17	0.0679012345679012	0.0205761316872428	0.905349794238683	0.00617283950617284
18	0.051440329218107	0.378600823045268	0.0473251028806584	0.522633744855967
19	0.111111111111111	0.666666666666667	0.0390946502057613	0.183127572016461
20	0.189300411522634	0.358024691358025	0.0843621399176955	0.368312757201646
