Pos	A	C	G	T
1	0.128787878787879	0.333333333333333	0.477272727272727	0.0606060606060606
2	0.0909090909090909	0.257575757575758	0.53030303030303	0.121212121212121
3	0.0454545454545455	0.575757575757576	0.318181818181818	0.0606060606060606
4	0.174242424242424	0.181818181818182	0.325757575757576	0.318181818181818
5	0.0757575757575758	0.00757575757575758	0.893939393939394	0.0227272727272727
6	0.00757575757575758	0.053030303030303	0.0	0.939393939393939
7	0.0606060606060606	0.196969696969697	0.0227272727272727	0.71969696969697
8	0.106060606060606	0.0378787878787879	0.757575757575758	0.0984848484848485
9	0.0378787878787879	0.772727272727273	0.0303030303030303	0.159090909090909
10	0.0227272727272727	0.734848484848485	0.0378787878787879	0.204545454545455
11	0.71969696969697	0.0227272727272727	0.128787878787879	0.128787878787879
12	0.0984848484848485	0.0454545454545455	0.227272727272727	0.628787878787879
13	0.113636363636364	0.0151515151515152	0.863636363636364	0.00757575757575758
14	0.113636363636364	0.053030303030303	0.825757575757576	0.00757575757575758
15	0.310606060606061	0.401515151515151	0.151515151515152	0.136363636363636
16	0.545454545454545	0.0227272727272727	0.333333333333333	0.0984848484848485
17	0.727272727272727	0.143939393939394	0.0984848484848485	0.0303030303030303
18	0.0606060606060606	0.696969696969697	0.0757575757575758	0.166666666666667
19	0.159090909090909	0.333333333333333	0.46969696969697	0.0378787878787879
20	0.371212121212121	0.0984848484848485	0.416666666666667	0.113636363636364
21	0.174242424242424	0.166666666666667	0.537878787878788	0.121212121212121
22	0.340909090909091	0.151515151515152	0.257575757575758	0.25
