Pos	A	C	G	T
1	0.397727277050397	0.261363639204546	0.125000001358696	0.21590909325593
2	0.181818183794467	0.181818183794467	0.13636363784585	0.500000005434784
3	0.13636363784585	0.13636363784585	0.204545456768776	0.522727278409092
4	0.0454545459486167	0.0	0.886363645998026	0.0681818189229251
5	0.0	0.0	0.8181818270751	0.181818183794467
6	0.318181821640317	0.0454545459486167	0.0227272729743083	0.613636370306325
7	0.386363640563242	0.0909090918972334	0.0227272729743083	0.500000005434784
8	0.363636367588934	0.13636363784585	0.13636363784585	0.363636367588934
9	0.340909094614625	0.0681818189229251	0.13636363784585	0.454545459486168
10	0.522727278409093	0.0909090918972334	0.13636363784585	0.250000002717392
11	0.386363640563242	0.0454545459486167	0.0681818189229251	0.500000005434784
12	0.227272729743083	0.13636363784585	0.0681818189229251	0.568181824357709
13	0.0	0.0227272729743083	0.886363645998026	0.0909090918972334
14	0.0	0.0	0.977272737895258	0.0227272729743083
15	0.227272729743083	0.0909090918972334	0.250000002717392	0.431818186511859
16	0.0681818189229251	0.181818183794467	0.181818183794467	0.568181824357709
17	0.454545459486167	0.0227272729743083	0.159090910820158	0.363636367588934
18	0.403409095293974	0.267045457448124	0.107954546627964	0.221590911499506
