Pos	A	C	G	T
1	0.177011494252874	0.154022988505747	0.193103448275862	0.475862068965517
2	0.0873563218390805	0.0689655172413793	0.110344827586207	0.733333333333334
3	0.0390804597701149	0.0367816091954023	0.344827586206897	0.579310344827586
4	0.280459770114943	0.181609195402299	0.142528735632184	0.395402298850575
5	0.211494252873563	0.351724137931035	0.342528735632184	0.0942528735632184
6	0.0275862068965517	0.848275862068966	0.0390804597701149	0.0850574712643678
7	0.751724137931035	0.0597701149425287	0.0413793103448276	0.147126436781609
8	0.108045977011494	0.347126436781609	0.163218390804598	0.381609195402299
9	0.388505747126437	0.239080459770115	0.101149425287356	0.271264367816092
10	0.282758620689655	0.0988505747126437	0.137931034482759	0.480459770114943
11	0.255172413793103	0.114942528735632	0.510344827586207	0.119540229885057
12	0.202298850574713	0.170114942528736	0.193103448275862	0.43448275862069
13	0.0459770114942529	0.503448275862069	0.393103448275862	0.0574712643678161
14	0.0160919540229885	0.0183908045977012	0.00229885057471264	0.963218390804598
15	0.0137931034482759	0.0482758620689655	0.917241379310345	0.0206896551724138
16	0.0735632183908046	0.0919540229885058	0.0229885057471264	0.811494252873563
17	0.0229885057471264	0.427586206896552	0.402298850574713	0.147126436781609
18	0.786206896551724	0.0413793103448276	0.0390804597701149	0.133333333333333
19	0.698850574712644	0.0873563218390805	0.140229885057471	0.0735632183908046
20	0.2	0.103448275862069	0.105747126436782	0.59080459770115
21	0.0344827586206897	0.128735632183908	0.16551724137931	0.671264367816092
22	0.126436781609195	0.386206896551724	0.110344827586207	0.377011494252874
23	0.372413793103448	0.239080459770115	0.206896551724138	0.181609195402299
24	0.0850574712643678	0.154022988505747	0.15632183908046	0.604597701149425
25	0.110344827586207	0.167816091954023	0.468965517241379	0.252873563218391
