Pos	A	C	G	T
1	0.0701402805611223	0.18436873747495	0.292585170340681	0.452905811623247
2	0.0561122244488978	0.56312625250501	0.142284569138277	0.238476953907816
3	0.0501002004008016	0.545090180360722	0.0160320641282565	0.38877755511022
4	0.438877755511022	0.0120240480961924	0.00801603206412826	0.541082164328657
5	0.00200400801603206	0.0220440881763527	0.0100200400801603	0.965931863727455
6	0.0140280561122245	0.00200400801603206	0.00400801603206413	0.979959919839679
7	0.0781563126252505	0.152304609218437	0.745490981963928	0.0240480961923848
8	0.104208416833667	0.00200400801603206	0.0240480961923848	0.869739478957916
9	0.226452905811623	0.248496993987976	0.156312625250501	0.3687374749499
10	0.681362725450902	0.0781563126252505	0.0661322645290581	0.17434869739479
11	0.0721442885771543	0.0100200400801603	0.0380761523046092	0.879759519038076
12	0.0380761523046092	0.0581162324649299	0.751503006012024	0.152304609218437
13	0.0480961923847695	0.635270541082164	0.118236472945892	0.198396793587174
14	0.559118236472946	0.102204408817635	0.0340681362725451	0.304609218436874
15	0.555110220440882	0.094188376753507	0.144288577154309	0.206412825651303
16	0.773547094188377	0.0380761523046092	0.0761523046092185	0.112224448897796
