Pos	A	C	G	T
1	0.145352837998696	0.2139234955913	0.108131465341366	0.532592201068638
2	0.0335234326008284	0.0304758478189349	0.0692237114744378	0.866777008105802
3	0.0457137717284024	0.00870738509112426	0.878096608724264	0.067482234456213
4	0.0657407574379881	0.0296051093098225	0.855022038232784	0.0496320950194083
5	0.111019159911834	0.720492938574913	0.11493748320284	0.0535504183104142
6	0.415206440460726	0.250002698607226	0.122444904236709	0.21234595669534
7	0.214849329909038	0.327381487782914	0.2070099847198	0.250759197588247
8	0.367513417958965	0.00181403856065089	0.629584120343996	0.00108842313639053
9	0.230302239838557	0.218111900710983	0.34435819010338	0.207227669347078
10	0.302573536094889	0.130823063779689	0.101658720938876	0.464944679186547
11	0.0754277233518639	0.0693325537880769	0.736492758679854	0.118746964180207
12	0.0596455878742012	0.812355851286275	0.0629108572833728	0.0650877035561538
13	0.0570333723468639	0.838913375814204	0.0574687416014201	0.0465845102375148
14	0.779050103312724	0.0639992804197633	0.0703121346108284	0.0866384816566864
15	0.440680939066716	0.0897922101449926	0.354918593133594	0.114608257654697
