Pos	A	C	G	T
1	0.6	0.2	0.2	0.0
2	0.6	0.0	0.0	0.4
3	0.0	0.5	0.333333333333333	0.166666666666667
4	0.0666666666666667	0.6	0.133333333333333	0.2
5	0.666666666666667	0.133333333333333	0.0666666666666667	0.133333333333333
6	0.0666666666666667	0.666666666666667	0.133333333333333	0.133333333333333
7	1.0	0.0	0.0	0.0
8	1.0	0.0	0.0	0.0
9	0.0	0.0666666666666667	0.0666666666666667	0.866666666666667
10	0.933333333333333	0.0666666666666667	0.0	0.0
11	0.0	0.733333333333333	0.0666666666666667	0.2
12	0.266666666666667	0.466666666666667	0.0666666666666667	0.2
13	0.466666666666667	0.266666666666667	0.266666666666667	0.0
14	0.6	0.266666666666667	0.133333333333333	0.0
