Pos	A	C	G	T
1	0.104411027568922	0.105363408521303	0.555238095238095	0.234987468671679
2	0.0805137844611529	0.166948621553885	0.750751879699248	0.00178571428571429
3	0.056998746867168	0.00178571428571429	0.907938596491227	0.0332769423558898
4	0.554711779448619	0.00836466165413534	0.426804511278195	0.0101190476190476
5	0.924517543859648	0.0183646616541353	0.00178571428571429	0.0553320802005013
6	0.974730576441102	0.00178571428571429	0.0216979949874687	0.00178571428571429
7	0.589893483709272	0.00836466165413534	0.00178571428571429	0.399956140350877
8	0.126052631578947	0.416503759398496	0.0727443609022557	0.3846992481203
9	0.0224436090225564	0.866353383458646	0.0183646616541353	0.0928383458646617
10	0.130845864661654	0.623220551378446	0.0807205513784462	0.165213032581454
11	0.337525062656642	0.374605263157895	0.228132832080201	0.0597368421052632
