Pos	A	C	G	T
1	0.366666666666667	0.166666666666667	0.4	0.0666666666666667
2	0.0740740740740741	0.037037037037037	0.111111111111111	0.777777777777778
3	0.0	1.0	0.0	0.0
4	1.0	0.0	0.0	0.0
5	0.0	0.733333333333333	0.2	0.0666666666666667
6	0.0666666666666667	0.0333333333333333	0.9	0.0
7	0.0	0.0	0.0	1.0
8	0.0	0.0	1.0	0.0
9	0.933333333333333	0.0	0.0333333333333333	0.0333333333333333
10	0.0333333333333333	0.166666666666667	0.0333333333333333	0.766666666666667
11	0.166666666666667	0.366666666666667	0.333333333333333	0.133333333333333
