Pos	A	C	G	T
1	0.428571428571429	0.142857142857143	0.285714285714286	0.142857142857143
2	0.0	0.285714285714286	0.571428571428571	0.142857142857143
3	0.142857142857143	0.142857142857143	0.0	0.714285714285714
4	0.0	0.0	0.428571428571429	0.571428571428571
5	0.857142857142857	0.0	0.142857142857143	0.0
6	0.0	1.0	0.0	0.0
7	0.0	0.0	1.0	0.0
8	0.0	0.0	0.0	1.0
9	0.0	1.0	0.0	0.0
10	1.0	0.0	0.0	0.0
11	0.142857142857143	0.571428571428571	0.285714285714286	0.0
12	0.0	0.428571428571429	0.285714285714286	0.285714285714286
