Pos	A	C	G	T
1	0.292682926829268	0.146341463414634	0.121951219512195	0.439024390243902
2	0.170731707317073	0.170731707317073	0.268292682926829	0.390243902439024
3	0.268292682926829	0.170731707317073	0.292682926829268	0.268292682926829
4	0.439024390243902	0.0487804878048781	0.24390243902439	0.268292682926829
5	0.341463414634146	0.146341463414634	0.219512195121951	0.292682926829268
6	0.0	0.024390243902439	0.0	0.975609756097561
7	0.341463414634146	0.0	0.658536585365854	0.0
8	0.0	0.0	0.0	1.0
9	0.0	0.0	0.0	1.0
10	0.0	0.0	0.0	1.0
11	0.634146341463415	0.0	0.365853658536585	0.0
12	0.0	0.219512195121951	0.0	0.780487804878049
13	0.121951219512195	0.170731707317073	0.0731707317073171	0.634146341463415
14	0.0	0.0731707317073171	0.24390243902439	0.682926829268293
15	0.390243902439024	0.0731707317073171	0.170731707317073	0.365853658536585
16	0.219512195121951	0.195121951219512	0.24390243902439	0.341463414634146
17	0.365853658536585	0.0731707317073171	0.219512195121951	0.341463414634146
18	0.365853658536585	0.0487804878048781	0.24390243902439	0.341463414634146
