Pos	A	C	G	T
1	0.19047619047619	0.19047619047619	0.0952380952380952	0.523809523809524
2	0.238095238095238	0.19047619047619	0.238095238095238	0.333333333333333
3	0.0454545454545455	0.272727272727273	0.454545454545455	0.227272727272727
4	0.0	0.0	0.0454545454545455	0.954545454545455
5	0.0	0.0	0.0	1.0
6	0.0	0.0	1.0	0.0
7	0.0	0.0	0.0	1.0
8	0.0	0.0	0.0	1.0
9	0.0454545454545455	0.0	0.0454545454545455	0.909090909090909
10	0.909090909090909	0.0	0.0	0.0909090909090909
11	0.0	0.863636363636364	0.0454545454545455	0.0909090909090909
12	0.428571428571429	0.0952380952380952	0.238095238095238	0.238095238095238
13	0.222222222222222	0.0555555555555556	0.0	0.722222222222222
14	0.473684210526316	0.105263157894737	0.0	0.421052631578947
