Pos	A	C	G	T
1	0.0833333333333333	0.5	0.166666666666667	0.25
2	0.357142857142857	0.357142857142857	0.142857142857143	0.142857142857143
3	0.266666666666667	0.2	0.2	0.333333333333333
4	0.266666666666667	0.133333333333333	0.2	0.4
5	0.6	0.266666666666667	0.0666666666666667	0.0666666666666667
6	0.0	0.0	0.0	1.0
7	0.8	0.0	0.2	0.0
8	0.0	0.0	0.0	1.0
9	0.0	0.0	0.0	1.0
10	0.0	0.0	0.0	1.0
11	1.0	0.0	0.0	0.0
12	0.0	0.333333333333333	0.0	0.666666666666667
13	0.0833333333333333	0.166666666666667	0.0833333333333333	0.666666666666667
14	0.181818181818182	0.181818181818182	0.181818181818182	0.454545454545455
15	0.272727272727273	0.0	0.0909090909090909	0.636363636363636
16	0.333333333333333	0.0	0.222222222222222	0.444444444444444
