Pos	A	C	G	T
1	0.185185185185185	0.259259259259259	0.333333333333333	0.222222222222222
2	0.111111111111111	0.148148148148148	0.407407407407407	0.333333333333333
3	0.37037037037037	0.222222222222222	0.148148148148148	0.259259259259259
4	0.185185185185185	0.0740740740740741	0.148148148148148	0.592592592592593
5	0.0	0.0	0.0	1.0
6	0.0740740740740741	0.0	0.925925925925926	0.0
7	0.0	0.0	0.0	1.0
8	0.0	0.0	0.0	1.0
9	0.0	0.0	0.0	1.0
10	1.0	0.0	0.0	0.0
11	0.0	0.740740740740741	0.0	0.259259259259259
12	0.185185185185185	0.296296296296296	0.407407407407407	0.111111111111111
13	0.148148148148148	0.185185185185185	0.185185185185185	0.481481481481481
14	0.148148148148148	0.0740740740740741	0.148148148148148	0.62962962962963
15	0.185185185185185	0.185185185185185	0.259259259259259	0.37037037037037
16	0.333333333333333	0.259259259259259	0.37037037037037	0.037037037037037
