Pos	A	C	G	T
1	0.533333333333333	0.0888888888888889	0.266666666666667	0.111111111111111
2	0.0	0.0	1.0	0.0
3	0.844444444444444	0.0222222222222222	0.0444444444444444	0.0888888888888889
4	0.8	0.0222222222222222	0.0444444444444444	0.133333333333333
5	0.155555555555556	0.311111111111111	0.2	0.333333333333333
6	0.295454545454545	0.0454545454545455	0.477272727272727	0.181818181818182
7	0.133333333333333	0.0888888888888889	0.133333333333333	0.644444444444444
8	0.111111111111111	0.0888888888888889	0.111111111111111	0.688888888888889
9	0.0	1.0	0.0	0.0
10	0.133333333333333	0.155555555555556	0.466666666666667	0.244444444444444
