Pos	A	C	G	T
1	0.0546075085324232	0.0989761092150171	0.0511945392491467	0.795221843003413
2	0.0477815699658703	0.0784982935153584	0.0409556313993174	0.832764505119454
3	0.156996587030717	0.201365187713311	0.208191126279863	0.433447098976109
4	0.249146757679181	0.00341296928327645	0.726962457337884	0.0204778156996587
5	0.0102389078498293	0.0068259385665529	0.965870307167235	0.0170648464163822
6	0.0341296928327645	0.904436860068259	0.0341296928327645	0.0273037542662116
7	0.0409556313993174	0.0170648464163823	0.0477815699658703	0.89419795221843
8	0.0136518771331058	0.00341296928327645	0.972696245733788	0.0102389078498293
9	0.0204778156996587	0.962457337883959	0.00341296928327645	0.0136518771331058
10	0.986348122866894	0.00341296928327645	0.00341296928327645	0.0068259385665529
11	0.907849829351536	0.0238907849829352	0.0443686006825939	0.0238907849829352
12	0.0409556313993174	0.00341296928327645	0.921501706484642	0.0341296928327645
13	0.0136518771331058	0.00341296928327645	0.136518771331058	0.84641638225256
14	0.948805460750853	0.0238907849829352	0.0136518771331058	0.0136518771331058
15	0.928327645051195	0.0136518771331058	0.037542662116041	0.0204778156996587
16	0.150170648464164	0.549488054607508	0.194539249146758	0.10580204778157
17	0.723549488054608	0.0614334470989761	0.112627986348123	0.102389078498294
18	0.235494880546075	0.0819112627986348	0.593856655290102	0.0887372013651877
19	0.675767918088737	0.116040955631399	0.122866894197952	0.0853242320819113
