Pos	A	C	G	T
1	0.161904761904762	0.0761904761904762	0.114285714285714	0.647619047619048
2	0.0714285714285714	0.00952380952380952	0.914285714285714	0.00476190476190476
3	0.0761904761904762	0.00476190476190476	0.919047619047619	0.0
4	0.00952380952380952	0.019047619047619	0.8	0.171428571428571
5	0.0619047619047619	0.895238095238095	0.0285714285714286	0.0142857142857143
6	0.00952380952380953	0.0380952380952381	0.0142857142857143	0.938095238095238
7	0.952380952380952	0.00952380952380952	0.0285714285714286	0.00952380952380952
8	0.0857142857142857	0.019047619047619	0.871428571428571	0.0238095238095238
9	0.00952380952380952	0.966666666666667	0.0238095238095238	0.0
10	0.00952380952380952	0.957142857142857	0.00476190476190476	0.0285714285714286
11	0.00476190476190476	0.0904761904761905	0.00952380952380952	0.895238095238095
12	0.1	0.180952380952381	0.547619047619048	0.171428571428571
13	0.123809523809524	0.0714285714285714	0.723809523809524	0.080952380952381
14	0.1	0.080952380952381	0.70952380952381	0.10952380952381
