Pos	A	C	G	T
1	0.518891687657431	0.0554156171284635	0.329974811083123	0.0957178841309824
2	0.0516372795969773	0.0251889168765743	0.026448362720403	0.896725440806045
3	0.0478589420654912	0.00629722921914358	0.933249370277078	0.0125944584382872
4	0.0100755667506297	0.00881612090680101	0.977329974811083	0.00377833753148615
5	0.00881612090680101	0.00755667506297229	0.00881612090680101	0.974811083123426
6	0.977329974811083	0.00377833753148615	0.0138539042821159	0.00503778337531486
7	0.00251889168765743	0.00881612090680101	0.00503778337531486	0.983627204030227
8	0.968513853904282	0.00629722921914358	0.0214105793450882	0.00377833753148615
9	0.00377833753148615	0.0163727959697733	0.026448362720403	0.953400503778338
10	0.494962216624685	0.104534005037783	0.346347607052897	0.0541561712846348
