Pos	A	C	G	T
1	0.238107416879795	0.0826086956521739	0.130115089514067	0.549168797953964
2	0.106202046035806	0.0407289002557545	0.810869565217391	0.0421994884910486
3	0.880562659846547	0.0230818414322251	0.0654731457800511	0.0308823529411765
4	0.945971867007673	0.0161764705882353	0.0164961636828644	0.0213554987212276
5	0.951278772378517	0.0112531969309463	0.0153452685421995	0.0221227621483376
6	0.123976982097187	0.628005115089514	0.21195652173913	0.0360613810741688
7	0.121483375959079	0.0596547314578005	0.0175191815856778	0.801342710997442
8	0.0650255754475703	0.020076726342711	0.895971867007673	0.018925831202046
9	0.904411764705882	0.0190537084398977	0.0495524296675192	0.0269820971867008
10	0.922250639386189	0.0225703324808184	0.0319053708439898	0.0232736572890026
11	0.90613810741688	0.0233375959079284	0.0388107416879795	0.0317135549872123
