Pos	A	C	G	T
1	0.101264828344725	0.566266006756226	0.261607353287768	0.0708618116112813
2	0.0584492104642941	0.143844763924896	0.0678765024746641	0.729829523136146
3	0.0349595412051222	0.0266320999292953	0.930238039123262	0.00817031974232068
4	0.0320527928352581	0.925681514651583	0.0269463429963076	0.0153193495168513
5	0.0224683792913819	0.0151622279833451	0.944771780972582	0.0175976117526907
6	0.0115484327127033	0.930002356823003	0.0400659910440726	0.0183832194202215
7	0.340325241574358	0.430120197973132	0.197501767617252	0.0320527928352581
8	0.0100557781443947	0.0453295624165292	0.0350381019718752	0.909576557467201
9	0.00534213213920968	0.019718752455024	0.968182889465001	0.00675622594076518
10	0.0102914604446539	0.953963390682693	0.0157907141173698	0.0199544347552832
11	0.0215256500903449	0.0452510016497761	0.87744520386519	0.0557781443946893
12	0.0334668866368136	0.66470264749784	0.0791892528871082	0.222641212978239
