Pos	A	C	G	T
1	0.232596416962922	0.214713554612336	0.202209610615752	0.35048041780899
2	0.136215654171596	0.220134631866832	0.277061449842655	0.366588264118917
3	0.366512114463475	0.1361873587346	0.294132861548842	0.203167665253084
4	0.229695929661176	0.496089517449453	0.107421074737148	0.166793478152223
5	0.197822367867661	0.123639428644156	0.637382212879946	0.0411559906082369
6	0.011652014179752	0.000224356058263362	0.000324808031536996	0.987798821730448
7	0.175981656112004	0.742765039639438	0.0369800938285227	0.0442732104200353
8	0.981034513393264	0.00161382581365573	0.0131787757989268	0.00417288499415343
9	0.0319139340655144	0.369829732972602	0.137420108442501	0.460836224519383
10	0.212988298170159	0.358252206553059	0.202600736295498	0.226158758981284
