Pos	A	C	G	T
1	0.255451442605555	0.142284706891523	0.185220581145131	0.4170433958676
2	0.241463306001435	0.11469392096836	0.164188799651585	0.479653745706612
3	0.0159216749084756	0.00683096886814409	0.0120825995700766	0.965164324051991
4	0.155085129959063	6.76126209382279e-07	0.843631970614611	0.00128198537517329
5	0.00648962664276037	0.00162798954200791	0.0144893649085107	0.977392902172744
6	0.0296454989332124	0.00296668656625975	0.0590962010588429	0.908291612471934
7	0.0127883643888478	7.03903735558834e-06	0.152265850064916	0.834938502604591
8	0.756305508097385	0.0210018079705617	0.105265205970226	0.117427582642352
9	0.0235682185335831	0.521887986157601	0.0712158008913969	0.383328193588782
10	0.276106032605751	0.238265246125668	0.213286719516783	0.27234211625268
