Pos	A	C	G	T
1	0.233788784508209	0.211540840143745	0.195276807467692	0.359393567880354
2	0.26147528750476	0.142072824721852	0.471698389524414	0.124753498248974
3	0.181081670934286	0.492231015484545	0.112050330543724	0.214636983037445
4	0.0510483308172117	0.0191590051367082	0.900340339258114	0.0294523247879662
5	0.0503412219014513	0.0545339946560609	0.402954745676322	0.492170037766166
6	0.204162034426392	0.0226217982405283	0.719757222917884	0.0534589444151955
7	0.00675269418467773	0.0299623491004965	0.953311357097751	0.00997359961707515
8	0.059927302008801	0.0218266607898428	0.806845495036665	0.111400542164691
9	0.222798006017523	0.439776022812832	0.0811472624161129	0.256278708753532
10	0.204074535436107	0.116569224352864	0.501942362190269	0.177413878020759
