Pos	A	C	G	T
1	0.285492814374948	0.137581553870401	0.37774405388975	0.199181577864901
2	0.206414459382958	0.135623964111036	0.270395603896668	0.387565972609338
3	0.156045043104772	0.125229080425098	0.539231351949407	0.179494524520723
4	0.12364938814439	0.683652703584691	0.0614024689825624	0.131295439288356
5	0.255953171966839	0.106165001938319	0.500193240936151	0.137688585158691
6	0.0315496572144978	0.863991320931613	0.0452210517020864	0.0592379701518024
7	0.117945981057355	0.0235759407497168	0.82075670989674	0.0377213682961894
8	0.176086010903402	0.347572255839601	0.194605138327105	0.281736594929891
9	0.189810960631511	0.256217996969926	0.335636467653378	0.218334574745185
