Pos	A	C	G	T
1	0.089465136872968	0.00566240672186664	0.883462650916535	0.0214098054886302
2	0.0489219757473352	0.497814091419465	0.383840344641193	0.0694235881920064
3	0.000242149332951617	0.90850403915131	0.05807872014757	0.0331750913681681
4	0.000477757721231796	0.707224719270535	0.233072243773179	0.0592252792350538
5	0.000698091471177172	9.19215260586655e-06	0.992865157228848	0.00642755914736904
6	0.00288318859752594	0.0302318750569001	0.952315923966574	0.014569012379
7	0.045573749220972	0.00776271291910815	0.933864987952928	0.0127985499069916
8	0.0235712154035391	0.298875255571328	0.639077851801058	0.0384756772240751
9	0.998904472459625	0.000195276095464732	0.000456877101944878	0.000443374342965239
10	0.156259948382603	0.334126931799698	0.460135474568885	0.0494776452488139
