Pos	A	C	G	T
1	0.336502957554786	0.221165680815071	0.221165680815071	0.221165680815071
2	0.389740642147194	0.172867633571191	0.264524090710425	0.172867633571191
3	0.0704664036722595	0.576171472504478	0.282895720151003	0.0704664036722595
4	5.66147547109137e-05	0.884492878996152	5.66147547109137e-05	0.115393891494426
5	0.999830155735867	5.66147547109137e-05	5.66147547109137e-05	5.66147547109137e-05
6	5.66147547109137e-05	0.999830155735867	5.66147547109137e-05	5.66147547109137e-05
7	5.66147547109137e-05	5.66147547109137e-05	5.66147547109137e-05	0.999830155735867
8	5.66147547109137e-05	5.66147547109137e-05	5.66147547109137e-05	0.999830155735867
9	0.716860977940627	0.0288909339396396	0.225357154180094	0.0288909339396396
10	0.669658426200403	0.0771889811835201	0.0771889811835201	0.175963611432557
11	0.368091301482627	0.179590211082451	0.27272827635247	0.179590211082451
