Pos	A	C	G	T
1	0.226671111440354	0.319986665678939	0.226671111440354	0.226671111440354
2	0.152219917524755	0.152219917524755	0.245100871669506	0.450459293280984
3	0.117694520581772	0.02481356643702	0.02481356643702	0.832678346544188
4	0.309682198681384	0.093431612218189	0.499876534064252	0.0970096550361755
5	0.197639331308492	0.000246931871496654	0.0935624861100822	0.708551250709929
6	0.119929871348495	0.000246931871496654	0.093431612218189	0.786391584561819
7	0.106847420796602	0.000246931871496654	0.284709978516927	0.608195668814974
8	0.104758377163741	0.119929871348495	0.0985134701335901	0.676798281354174
9	0.415607328937946	0.241525298170235	0.214780107168432	0.128087265723387
10	0.191211694693434	0.21770995382374	0.194789737511421	0.396288613971405
11	0.225433365434477	0.225433365434477	0.32369990369657	0.225433365434477
