Pos	A	C	G	T
1	0.0926457232888385	0.105507579272652	0.0602668855909855	0.741579811847524
2	0.363246317986994	0.078655783885719	0.547346012281664	0.0107518858456228
3	0.0607302228884934	0.111769809047477	0.0497217011217692	0.77777826694226
4	0.102821824247714	0.0356232184457334	0.101798730002408	0.759756227304144
5	0.215489211322705	0.0374464100336393	0.252878932061814	0.494185446581842
6	0.379354690169833	0.077360137277898	0.20003085417337	0.343254318378899
7	0.105307208489154	0.342709062617137	0.188082721378218	0.363901007515491
8	0.279077207293031	0.230785445653782	0.242618068478032	0.247519278575155
9	0.18890757621039	0.273488037034844	0.160976417760695	0.376627968994071
10	0.36092842048862	0.131456981031148	0.181033058383997	0.326581540096235
