Pos	A	C	G	T
1	0.508797169525836	0.144430583532525	0.202341663409115	0.144430583532525
2	0.0342156848085592	0.500293357656386	0.431275272726496	0.0342156848085592
3	7.12033146567039e-05	0.99978639005603	7.12033146567039e-05	7.12033146567039e-05
4	7.12033146567039e-05	7.12033146567039e-05	0.99978639005603	7.12033146567039e-05
5	7.12033146567039e-05	7.12033146567039e-05	7.12033146567039e-05	0.99978639005603
6	7.12033146567039e-05	7.12033146567039e-05	0.99978639005603	7.12033146567039e-05
7	0.942314634630871	7.12033146567039e-05	7.12033146567039e-05	0.0575429587398153
8	7.12033146567039e-05	0.99978639005603	7.12033146567039e-05	7.12033146567039e-05
9	0.105640619782132	0.267128313357243	0.521590447078492	0.105640619782132
10	0.286422275529771	0.215855518506098	0.281866687458035	0.215855518506098
