Pos	A	C	G	T
1	0.295751609165068	0.194322654270876	0.284155022700022	0.225770713864034
2	0.279246980405446	0.164366160449031	0.341073032063592	0.215313827081931
3	0.205296630085347	0.169771923422317	0.417571550973165	0.207359895519171
4	0.147052738083634	0.0865559724485836	0.645994690470323	0.120396598997459
5	0.060167087465581	0.0301783712216561	0.511386407040632	0.398268134272131
6	0.466983406804921	0.300754322046201	0.131143707504745	0.101118563644133
7	0.035391995943367	0.000185720150061228	0.0607329078996981	0.903689376006874
8	0.203736087337056	0.476670495293439	0.0473149099628403	0.272278507406665
9	0.315455872057178	0.180191253380433	0.0476564892149432	0.456696385347446
10	0.3175565899615	0.254845132870435	0.177799416028938	0.249798861139128
