Pos	A	C	G	T
1	0.343620904174153	0.17760092290145	0.200244481404919	0.278533691519478
2	0.293451362319839	0.183407767095105	0.235500234558118	0.287640636026938
3	0.171736721787503	0.269336793455008	0.191705936420324	0.367220548337165
4	0.110671865770172	0.349523101709615	0.0487433929551723	0.491061639565042
5	0.631899180905445	0.155824419565311	0.101365202114578	0.110911197414666
6	0.903683918951229	0.0284025705290587	0.0368361482561654	0.0310773622635472
7	0.065156129969373	0.0357584422936698	0.013023903365489	0.886061524371468
8	0.0880016290525806	0.135281166335761	0.086259080046464	0.690458124565194
9	0.709394534303892	0.0472008470352687	0.0913238370109422	0.152080781649897
