Pos	A	C	G	T
1	0.307459463181673	0.230060714817376	0.227771572457543	0.234708249543408
2	0.178940480748128	0.322806554283183	0.145046334665908	0.353206630302781
3	0.155267698401173	0.0913913389176303	0.291532273105052	0.461808689576145
4	0.421965478340069	0.413610002051583	0.0960552460911105	0.0683692735172372
5	0.900688925893565	0.00779248606590796	0.0536864125409547	0.0378321754995722
6	0.0776985586289578	0.0061893910606536	0.0335432854201506	0.882568764890238
7	0.293232691619606	0.0628635474201572	0.00422477693893756	0.639678984021299
8	0.622035992047515	0.0636244580195899	0.0808825381937854	0.23345701173911
9	0.299363277855956	0.161040810159582	0.198672514244489	0.340923397739973
