Pos	A	C	G	T
1	0.175923037830988	0.284304718171627	0.167343170033801	0.372429073963584
2	0.17480368059816	0.0988559281660837	0.309099588841319	0.417240802394438
3	0.456242170115349	0.366142917954366	0.119465036095426	0.0581498758348586
4	0.765122010089672	0.0484259250520291	0.0839343807316538	0.102517684126645
5	0.00188150778160189	0.00195829357080483	0.00182590082300156	0.994334297824592
6	0.368109956728856	0.0633314273961483	0.0863476586212268	0.482210957253769
7	0.549732414269423	0.0621425935745628	0.11785224049184	0.270272751664175
8	0.273792639659405	0.17284081569058	0.24773782515085	0.305628719499165
9	0.233576233894306	0.296933588861375	0.211348516395056	0.258141660849263
