Pos	A	C	G	T
1	0.22100954979536153	0.22237380627557982	0.208731241473397	0.34788540245566174
2	0.6439290586630286	0.01773533424283765	0.1637107776261937	0.17462482946793995
3	0.7762619372442019	0.027285129604365625	0.061391541609822645	0.13506139154160982
4	0.9440654843110504	0.008185538881309686	0.04638472032742155	0.0013642564802182813
5	0.009549795361527967	0.0	0.7203274215552523	0.2701227830832197
6	0.050477489768076395	0.0	0.91268758526603	0.03683492496589359
7	0.017735334242837655	0.11186903137789904	0.14597544338335608	0.7244201909959072
8	0.004092769440654844	0.8444747612551159	0.027285129604365625	0.12414733969986358
9	0.7216916780354706	0.027285129604365625	0.18826739427012276	0.06275579809004093
10	0.2755798090040928	0.29058663028649384	0.19508867667121416	0.23874488403819913
