Pos	A	C	G	T
1	0.150773068987571	0.371677416895325	0.237285851980599	0.240263665057148
2	0.187572018343567	0.101373942250445	0.101373942250445	0.609680100076183
3	0.999566595137964	0.000144469260892516	0.000144469260892516	0.000144469260892516
4	0.000144469260892516	0.000144469260892516	0.000144469260892516	0.999566595137964
5	0.000144469260892516	0.000144469260892516	0.000144469260892516	0.999566595137964
6	0.102910114972361	0.000144469260892516	0.807310353356919	0.0896350653304689
7	0.000144469260892516	0.000144469260892516	0.0896350653304689	0.910075999068387
8	0.102910114972361	0.000144469260892516	0.000144469260892516	0.896800949426495
9	0.208428813572602	0.289057848599199	0.204180177971144	0.298333162777696
10	0.251536173452076	0.148770527740608	0.148770527740608	0.450922773987352
