Pos	A	C	G	T
1	0.172482460970945	0.102544367220699	0.104615900850399	0.620357270957958
2	0.089924330417875	0.145324408510884	0.204173177575722	0.560578083495519
3	0.508301614627581	0.089217303059915	0.25241511174734	0.150065970565164
4	0.0794445309196545	0.457171710089156	0.159981639214265	0.303402119776925
5	0.391603618939305	0.0660393087814525	0.454978494048477	0.0873785782307656
6	0.0829671223102788	0.237091089790411	0.0354613869413197	0.644480400957991
7	0.707746950730753	0.185320473541717	0.0452447488567978	0.0616878268707319
8	0.746126141233822	0.076316920495211	0.0843432410869742	0.0932136971839928
9	0.0530710464895674	0.361995403909766	0.196690517335607	0.388243032265059
10	0.307009773017216	0.251358342673175	0.227438433790035	0.214193450519574
