Pos	A	C	G	T
1	0.270125270441545	0.223382559707724	0.28971156250864	0.216780607342092
2	0.221491393966879	0.19255536741962	0.368847668097568	0.217105570515932
3	0.187172779147571	0.144319868187332	0.400227102724187	0.26828024994091
4	0.303048193151199	0.143149830331356	0.315415824529173	0.238386151988273
5	0.274695047870514	0.115083915892914	0.303584978240763	0.306636057995809
6	0.160205578603831	0.182446660076981	0.356544072107474	0.300803689211715
7	0.344802150857029	0.0243606902347961	0.392670476018743	0.238166682889432
8	0.111849886267651	0.313298894984801	0.107464189497074	0.467387029250473
9	0.356704566263276	0.0879622630854276	0.410307916495677	0.14502525415562
10	0.28089083567997	0.15727032009581	0.343080841429843	0.218758002794377
