Pos	A	C	G	T
1	0.256825717710582	0.198025876924578	0.402782902602156	0.142365502762683
2	0.0847534262642368	0.113266808558319	0.0446898395856532	0.757289925591791
3	0.0272741498993372	0.022554607380521	0.949503639080848	0.000667603639293838
4	0.200622498427476	0.0775889503822888	0.550829335223758	0.170959215966477
5	0.0577975367158448	0.0126410083195571	0.904105590238942	0.0254558647256558
6	0.856656409027493	0.0150749875378132	0.0520933299058883	0.0761752735288052
7	0.531744233914094	0.150831393049863	0.197583762940885	0.119840610095158
8	0.240893232905642	0.389301387328742	0.158278132606846	0.21152724715877
9	0.253065362907714	0.28249131500135	0.211377959183222	0.253065362907714
10	0.26667196205647	0.218332536326651	0.231833466369231	0.283162035247648
