Pos	A	C	G	T
1	0.110835484406586	0.0685831569791434	0.0720994906297843	0.748481867984486
2	0.32387125876771	0.0519533441348201	0.561350836607506	0.0628245604899641
3	0.0797426251388784	0.0899095587789377	0.0584869856925066	0.771860830389677
4	0.0834599734149144	0.0511297825761371	0.0969666550081835	0.768443589000765
5	0.111071319206737	0.0489193248931612	0.284340513233429	0.555668842666673
6	0.562548222074587	0.0581180832466767	0.166081205540105	0.213252489138632
7	0.0758820573846485	0.432326140412211	0.104499288033687	0.387292514169453
8	0.308572038026159	0.208920819637279	0.194796481081787	0.287710661254775
9	0.178459222923943	0.263580844732525	0.136232111361639	0.421727820981894
10	0.401157985530415	0.0904100405125905	0.149060956865382	0.359371017091612
