Pos	A	C	G	T
1	0.253098028732223	0.243173913077834	0.248086351980718	0.255641706209224
2	0.238287796018639	0.258134087808273	0.248012505453082	0.255565610720005
3	0.267365471497227	0.210317128975438	0.246809437201794	0.275507962325541
4	0.223531716462934	0.23973959467346	0.234992432638819	0.301736256224787
5	0.235777107334113	0.282276446718454	0.255414291225404	0.226532154722029
6	0.0085675536902146	0.000611391508598788	0.869555568827825	0.121265485973361
7	0.0675795157983955	0.667343506774939	0.00177412069486467	0.2633028567318
8	0.272347224356958	0.000655129608951522	0.462699498581208	0.264298147452882
9	0.111474513790539	0.0850973579727483	0.148977604436655	0.654450523800058
10	0.133049746203983	0.361666707326299	0.265263345670022	0.240020200799696
