Pos	A	C	G	T
1	0.346207518698819	0.112135618952595	0.201400326491409	0.340256538215838
2	5.88194912806898e-05	5.88194912806898e-05	0.179580064653326	0.820302298722774
3	0.273803922602466	5.88194912806898e-05	0.726078440773634	5.88194912806898e-05
4	0.570361117637624	0.429521245738476	5.88194912806898e-05	5.88194912806898e-05
5	5.88194912806898e-05	5.88194912806898e-05	0.99982354388482	5.88194912806898e-05
6	5.88194912806898e-05	5.88194912806898e-05	5.88194912806898e-05	0.99982354388482
7	5.88194912806898e-05	0.99982354388482	5.88194912806898e-05	5.88194912806898e-05
8	0.99982354388482	5.88194912806898e-05	5.88194912806898e-05	5.88194912806898e-05
9	0.137923201128351	0.239089869680182	0.192473855730175	0.430513075819954
