Pos	A	C	G	T
1	0.324750580388956	0.169534669011353	0.28802792658856	0.21768682401113
2	0.224404913352196	0.338137314482386	0.255558684677373	0.181899087488046
3	0.0902173359720789	0.882026060858504	0.00085403901963424	0.0269025641497832
4	0.768146244637166	0.00246941218044935	0.16633105972177	0.0630532834606149
5	0.00612698512817674	0.121839280827941	0.104868040853158	0.767165693190724
6	0.115988224586574	0.0389971541889452	0.81524499337779	0.0297696278466907
7	0.0993418690265939	0.270039197334546	0.0473973881123791	0.583221545526481
8	0.0603039922705941	0.0433539712664416	0.749493996815756	0.146848039647208
9	0.221536450940504	0.259975433492601	0.290204875260438	0.228283240306457
