Pos	A	C	G	T
1	0.240433653033256	0.181715845869935	0.185386749459977	0.392463751636833
2	0.146912748789783	0.74236338808634	0.000794405586276781	0.1099294575376
3	0.0428666540774635	0.644254754236215	0.0347470344738779	0.278131557212443
4	0.185006809649703	0.284403110021019	0.273251504572117	0.257338575757161
5	0.289508688444465	0.179143168207534	0.23002438119473	0.301323762153271
6	0.429775906948146	0.0939970995993564	0.0912190654731718	0.385007927979326
7	0.226037022691782	0.129114396139156	0.060382468325691	0.58446611284337
8	0.20121968376814	0.229154687153732	0.152078565460014	0.417547063618113
9	0.209947440120819	0.346144810227009	0.229719089906448	0.214188659745723
10	0.223339339704076	0.0813444264190707	0.583294565787221	0.112021668089632
