Pos	A	C	G	T
1	0.236996330710733	0.251651365343257	0.203984632231366	0.307367671714645
2	0.141612012812078	0.153406462104673	0.169540360560095	0.535441164523154
3	0.122463543516853	0.13670336805601	0.0837480914519483	0.657084996975189
4	0.668403818701086	0.067013394028906	0.193425516382793	0.0711572708872159
5	0.87402969443384	0.038982559387991	0.0476134055550267	0.0393743406231423
6	0.087964814230519	0.0264944929035335	0.01689363453952	0.868647058326428
7	0.204510188347012	0.210738450820799	0.0966037726821292	0.488147588150059
8	0.436895914158168	0.136960831599488	0.102482800476179	0.323660453766164
9	0.356854332506341	0.205887039492111	0.216443093734658	0.220815534266889
