Pos	A	C	G	T
1	0.497524752475247	0.497524752475247	0.00247524752475248	0.00247524752475248
2	0.00124378109452736	0.996268656716418	0.00124378109452736	0.00124378109452736
3	0.996268656716418	0.00124378109452736	0.00124378109452736	0.00124378109452736
4	0.00124378109452736	0.00124378109452736	0.374378109452736	0.623134328358209
5	0.623134328358209	0.374378109452736	0.00124378109452736	0.00124378109452736
6	0.00124378109452736	0.00124378109452736	0.00124378109452736	0.996268656716418
7	0.00124378109452736	0.00124378109452736	0.996268656716418	0.00124378109452736
8	0.00124378109452736	0.00124378109452736	0.25	0.747512437810945
9	0.00247524752475248	0.25	0.00247524752475248	0.745049504950495
