Pos	A	C	G	T
1	0.161032984833763	0.164286066915358	0.129231997425903	0.545448950824976
2	0.13308317270702	0.177856010190592	0.293234987098328	0.39582583000406
3	0.455326797706597	0.144173206265526	0.232994628108906	0.167505367918972
4	0.0778702159500086	0.525864482901599	0.159979157748257	0.236286143400136
5	0.229493188858814	0.0427715580937151	0.696364583949022	0.031370669098448
6	0.0205696247920062	0.121974921564225	0.000131837584268783	0.8573236160595
7	0.821051970334242	0.167433525360949	0.0100803341253677	0.00143417017944081
8	0.977420816619281	0.0028431633375427	0.0082064241737645	0.0115295958694113
9	0.0221882686076926	0.320397914992251	0.0965019975239597	0.560911818876097
10	0.362529032005141	0.288041497822279	0.172967645971638	0.176461824200943
