Pos	A	C	G	T
1	0.202172822119745	0.202172822119745	0.202172822119745	0.393481529396919
2	0.319997315001538	0.127443080212237	0.233807813052971	0.318751787489411
3	0.0483711224244854	0.0483711224244854	0.0483711224244854	0.854886628482699
4	0.11819546758008	0.0250250902173925	0.831754347741288	0.0250250902173925
5	0.000220582563402763	0.000220582563402763	0.000220582563402763	0.999338248065946
6	0.000220582563402763	0.000220582563402763	0.000220582563402763	0.999338248065946
7	0.000220582563402763	0.000220582563402763	0.102205558731617	0.897353271897733
8	0.816007036737838	0.000220582563402763	0.0903814165288239	0.0933909599260905
9	0.0480477593826959	0.471108748030102	0.0480477593826959	0.432795728960662
10	0.528646462775431	0.225798530400314	0.122777501290205	0.122777501290205
11	0.201849459077956	0.201849459077956	0.201849459077956	0.394451618522287
12	0.22519549128505	0.22519549128505	0.22519549128505	0.324413521901007
