Pos	A	C	G	T
1	0.233625857878691	0.195140719707405	0.215663848349334	0.35556957406457
2	0.0686291308113645	0.039595564011872	0.0388115193134007	0.852963785863363
3	0.261953446820459	0.0133053579113849	0.691018643535557	0.0337225517325992
4	0.0542414726103099	0.0500711900193365	0.03006752823507	0.865619809135284
5	0.0532125187776555	0.0297936023473583	0.117248273691121	0.799745605183865
6	0.0778412398435707	0.0410450960520688	0.294321105124583	0.586792558979777
7	0.587371623595367	0.0440646427663811	0.129756252455504	0.238807481182747
8	0.0539344417038197	0.496592249647534	0.106459993467226	0.34301331518142
9	0.270194996360765	0.239641464175937	0.262209527406788	0.22795401205651
10	0.280691897199571	0.241593754843673	0.218603069350053	0.259111278606702
