Pos	A	C	G	T
1	0.21581795328468	0.520315440136276	0.0565109962822526	0.207355610296791
2	0.0713529048886765	0.594450860560647	0.0330373274297213	0.301158907120955
3	0.228299183529145	0.296088079867178	0.247313553074533	0.228299183529145
4	0.245146926507863	0.131875425522143	0.340991561544287	0.281986086425706
5	0.52987279998403	0.0668624134935954	0.112464428211951	0.290800358310423
6	0.256694567452888	0.0420091278712865	0.044162981914675	0.65713332276115
7	0.369475010667405	0.0439074104295981	0.062307581279725	0.524309997623272
8	0.295120406772524	0.155614754688473	0.0428361953927475	0.506428643146255
9	0.362240276741029	0.0443586504748092	0.562453092489547	0.0309479802946153
10	0.0842987531420542	0.0834599665336939	0.598464419542256	0.233776860781995
