Pos	A	C	G	T
1	0.234569456174099	0.319817887539351	0.259239341228056	0.186373315058494
2	0.273399751175764	0.244920829689376	0.260065887971757	0.221613531163103
3	0.348605507694553	0.181988033067547	0.2742228048849	0.195183654353
4	0.380341440633897	0.130460353688302	0.204602562397172	0.284595643280629
5	0.280048453166007	0.00350770730977592	0.111604641030258	0.604839198493959
6	0.00034621092701656	0.00183913053701094	0.0161076276252393	0.981707030910733
7	0.0218160409082634	0.119419860193319	0.076145464727783	0.782618634170635
8	0.152285071587531	0.224922125915014	0.319179689827737	0.303613112669718
9	0.119158082343279	0.040465551615589	0.742817979545596	0.0975583864955359
10	0.123578855475989	0.133871375973403	0.630730996035987	0.111818772514621
