Pos	A	C	G	T
1	0.293381519800172	0.20801502955963	0.20801502955963	0.290588414703097
2	0.290588414703097	0.20801502955963	0.20801502955963	0.293381519800172
3	0.616395134820327	0.1278682862674	0.1278682862674	0.1278682862674
4	0.0271474720878325	0.115504796845259	0.650942217042037	0.206405507647398
5	0.192386143421036	0.623686026266545	0.0984057836719331	0.0855220402630119
6	0.173879365020438	0.735771138916932	0.000155550022468423	0.0901939396626865
7	0.346491139804125	0.653197753773465	0.000155550022468423	0.000155550022468423
8	0.000155550022468423	0.000155550022468423	0.825809528557152	0.173879365020438
9	0.220536233266116	0.0421405188684711	0.695182722619468	0.0421405188684711
10	0.130497843625898	0.140390752517936	0.487275280714904	0.241836116763791
11	0.419414349984612	0.228043431055058	0.230254950422156	0.1222872621607
12	0.223008076340268	0.330975764601724	0.223008076340268	0.223008076340268
