Pos	A	C	G	T
1	0.744772380744936	0.0388259638423002	0.132923110433457	0.0834785449793073
2	0.0118725755260374	0.94727871164923	0.0343834489244152	0.00646526390031739
3	0.00536110426423466	0.993159970421494	0.00147892531427163	0.0
4	0.0	0.0	1.0	0.0
5	0.0	0.0	1.0	0.0
6	0.980531727200827	0.0114984486220113	0.00139928210744053	0.00657054206972075
7	0.893995324227882	0.00732127476313523	0.0010458963947336	0.0976375046142488
8	0.104618341240766	0.0295477749084139	0.863311512822053	0.00252237102876704
9	0.0168428597025623	0.140357164188019	0.0205458997790121	0.822254076330407
