Pos	A	C	G	T
1	0.0	0.272727272727273	0.636363636363636	0.0909090909090909
2	0.0909090909090909	0.0	0.545454545454545	0.363636363636364
3	0.0909090909090909	0.0909090909090909	0.454545454545454	0.363636363636364
4	0.181818181818182	0.0	0.454545454545454	0.363636363636364
5	0.0	0.0	0.818181818181818	0.181818181818182
6	0.0	0.0909090909090909	0.545454545454545	0.363636363636364
7	0.0	0.0	0.727272727272727	0.272727272727273
8	0.0	0.0	0.909090909090909	0.0909090909090909
9	0.0	0.0	0.636363636363636	0.363636363636364
10	0.0	0.0	0.0	1.0
11	0.0	0.0	1.0	0.0
12	0.0909090909090909	0.0	0.545454545454545	0.363636363636364
13	0.0	0.0	0.272727272727273	0.727272727272727
14	0.0	0.0	0.181818181818182	0.818181818181818
15	0.0	0.0	0.363636363636364	0.636363636363636
16	0.0	0.0	1.0	0.0
17	0.0	0.0	0.727272727272727	0.272727272727273
18	0.0	0.0	0.909090909090909	0.0909090909090909
19	0.0	0.0	0.727272727272727	0.272727272727273
