Pos	A	C	G	T
1	0.73474480759942	0.0534535501529544	0.209064562872323	0.00273707937530188
2	0.0	0.000596557013806034	0.000170444861087438	0.999232998125107
3	0.0	8.41821702163482e-05	0.0128798720431013	0.987035945786682
4	0.136363636363636	0.000167112299465241	0.843248663101604	0.0202205882352941
5	0.000165961331009875	0.97294830304539	0.000746825989544436	0.0261389096340553
6	0.0262721697331344	0.001408917619758	0.971738770097795	0.000580142549312117
7	0.0222592746977907	0.843184660275115	0.000333472280116715	0.134222592746978
8	0.987368421052632	0.0126315789473684	0.0	0.0
9	0.999573742540494	8.52514919011083e-05	0.000341005967604433	0.0
10	0.00209238693062933	0.207468211813939	0.0543215837759536	0.736117817479478
