Pos	A	C	G	T
1	0.674806929659779	0.00827941278786614	0.316844082654978	6.95748973770264e-05
2	0.00714335252097926	0.00416117622581316	0.000277411748387544	0.98841805950482
3	0.0	0.998318856822639	0.00168114317736061	0.0
4	0.985751832895283	0.0	0.0141790012449855	6.91658597316365e-05
5	0.000809443507588533	0.961349072512648	0.037504215851602	0.000337268128161889
6	0.000404776361060514	0.0373068879444107	0.961478782972408	0.000809552722121028
7	0.000138197899391929	0.0150635710337203	0.0	0.984798231066888
8	0.0	0.00182098333099874	0.998179016669001	0.0
9	0.988280979127661	6.93433187712364e-05	0.00422994244504542	0.00741973510852229
10	6.95942654325284e-05	0.316514719187139	0.00807293479017329	0.675342751757255
