Pos	A	C	G	T
1	0.297605527162597	0.0496876774559909	0.645987128525459	0.00671966685595306
2	0.0250763747454175	0.0739562118126273	0.0549473862864902	0.846020027155465
3	0.0	0.999799428370857	0.000200571629143058	0.0
4	0.997498624243334	0.000500275151333233	0.00030016509079994	0.00170093551453299
5	0.0	0.962353395434143	0.000289589265891211	0.0373570152999662
6	0.0377285666039465	0.00028947749312491	0.961981955902929	0.0
7	0.00195058517555267	0.0	0.000800240072021607	0.997249174752426
8	0.0	0.00025070196550341	0.999749298034497	0.0
9	0.84594823928723	0.0556639796351294	0.0731862537123462	0.0252015273652949
10	0.00587315871737792	0.646426372377208	0.0497323923648937	0.29796807654052
