Pos	A	C	G	T
1	0.716288331342095	0.0587813620071685	0.224372759856631	0.000557546794105934
2	8.46525014814188e-05	0.000169305002962838	0.0	0.999746042495556
3	0.0	0.0	0.00664479771217091	0.993355202287829
4	0.15467355957642	8.33819728174769e-05	0.830067539397982	0.0151755190527808
5	0.0	0.99060560308673	0.000167757087736957	0.00922663982553263
6	0.00847386525715244	0.000671197248091283	0.990854937494756	0.0
7	0.0154192365394232	0.834305717619603	0.000250041673612269	0.150025004167361
8	0.993188125473047	0.00681187452695316	0.0	0.0
9	0.999915333164	8.46668360003387e-05	0.0	0.0
10	0.000159375249023827	0.226631604111881	0.0587297792652801	0.714479241373815
