Pos	A	C	G	T
1	0.0122671304984666	0.0286385621214202	0.0828336461146458	0.876260661265467
2	0.483310648778275	0.0152148551429127	0.497326463153801	0.00414803292501134
3	0.00103527787799407	0.00133331241862873	0.923373750999984	0.0742576587033929
4	0.00175013902973601	0.000327128790604861	0.99731754391704	0.000605188262618993
5	0.00043950524266968	0.00755007220443272	0.0681390092296101	0.923871413323288
6	0.000425350914504466	0.495124824133757	0.000212675457252233	0.504237149494487
7	0.994918798810574	0.0	3.26765349802307e-05	0.00504852465444564
8	0.0601065061356796	0.117712433433665	0.777078027321139	0.0451030331095161
9	0.00108080205191076	0.00751722024164798	0.0156313013179332	0.975770676388508
10	0.520535393251911	0.00509180324066019	0.472899776146236	0.00147302736119327
11	0.000891076505282811	0.000353601787810639	0.813411408608082	0.185343913098825
12	0.0042625191162594	0.00131780171151531	0.993297107343897	0.00112257182832786
13	0.023376544979853	0.0354345562380212	0.0783091619757633	0.862879736806363
14	0.000645468656349414	0.873380565246123	0.0142003104396871	0.11177365565784
15	0.850588712951685	0.000661644185801717	0.140659538954301	0.00809010390821191
