Pos	A	C	G	T
1	0.0654088050314466	0.745911949685535	0.153459119496855	0.0352201257861635
2	0.0155038759689922	0.00775193798449612	0.955626837743919	0.0211173483025929
3	0.0591612581128308	0.0419370943584623	0.00649026460309536	0.892411382925612
4	0.00139547864917667	0.797376500139548	0.000837287189506001	0.200390734021769
5	0.861492859067637	0.101859337105901	0.0212880625168418	0.01535974130962
6	0.00416898276820456	0.895775430794886	0.00222345747637576	0.0978321289605336
7	0.0120614035087719	0.00603070175438597	0.979989035087719	0.00191885964912281
8	0.00666111573688593	0.79045240077713	0.201776297529836	0.00111018595614765
9	0.304926764314248	0.0287616511318242	0.0191744340878828	0.647137150466045
10	0.00749791724520966	0.361288530963621	0.0	0.631213551791169
11	0.0072482526533782	0.475537147294849	0.449650530675641	0.0675640693761325
12	0.731179852176293	0.0079386805365453	0.247467834656447	0.0134136326307145
13	0.133706293706294	0.356363636363636	0.238041958041958	0.271888111888112
14	0.0117294053464266	0.209219858156028	0.0130932896890344	0.765957446808511
15	0.276409414340449	0.00355774493705528	0.701696770662288	0.018336070060208
16	0.382097902097902	0.351328671328671	0.265174825174825	0.0013986013986014
