Pos	A	C	G	T
1	0.0355555555555556	0.521777777777778	0.344	0.0986666666666667
2	0.00133155792276964	0.0	0.998224589436307	0.000443852640923213
3	0.0	0.00265839610101905	0.000886132033673017	0.996455471865308
4	0.00246406570841889	0.0739219712525667	0.0	0.923613963039014
5	0.03984375	0.008203125	0.878515625	0.0734375
6	0.000883002207505519	0.76953642384106	0.00618101545253863	0.223399558498896
7	0.0	0.883503779457537	0.000444642063139173	0.116051578479324
8	0.991622574955908	0.00264550264550265	0.00220458553791887	0.00352733686067019
9	0.00309460654288241	0.0013262599469496	0.0013262599469496	0.994252873563218
10	0.0609159626500667	0.000444642063139173	0.938639395286794	0.0
11	0.171743929359823	0.00662251655629139	0.82075055187638	0.000883002207505519
12	0.0446315789473684	0.601684210526316	0.00842105263157895	0.345263157894737
13	0.792047713717694	0.000795228628230616	0.104970178926441	0.102186878727634
14	0.996014171833481	0.00132860938883968	0.00265721877767936	0.0
15	0.0	0.997339246119734	0.0	0.00266075388026608
16	0.0800355713650511	0.259226322810138	0.635393508225878	0.0253445975989329
