Pos	A	C	G	T
1	0.00102354145343	0.0	0.00204708290686	0.99692937564
2	0.0561471442401	0.000968054211036	0.942884801549	0.0
3	0.00102249488753	0.00204498977505	0.00102249488753	0.99591002045
4	0.0	0.00102249488753	0.00306748466258	0.99591002045
5	0.0	0.0	0.173876166243	0.826123833757
6	0.985829959514	0.00202429149798	0.00202429149798	0.0101214574899
7	0.000777000777001	0.241647241647	0.000777000777001	0.756798756799
8	0.0	0.00306748466258	0.00102249488753	0.99591002045
9	0.0747398297067	0.000946073793756	0.921475875118	0.00283822138127
10	0.0	0.00307062436029	0.0	0.99692937564
11	0.00509683995923	0.00101936799185	0.00101936799185	0.992864424057
12	0.0300272975432	0.0	0.0837124658781	0.886260236579
