Pos	A	C	G	T
1	0.75	0.0	0.25	0.0
2	0.0	0.166666666666667	0.75	0.0833333333333333
3	0.166666666666667	0.0	0.833333333333333	0.0
4	0.0	0.0	0.916666666666667	0.0833333333333333
5	0.0833333333333333	0.0	0.0833333333333333	0.833333333333333
6	0.666666666666667	0.0	0.0	0.333333333333333
7	0.5	0.0	0.166666666666667	0.333333333333333
8	0.0833333333333333	0.75	0.166666666666667	0.0
9	0.833333333333333	0.0	0.166666666666667	0.0
10	0.0	0.0833333333333333	0.75	0.166666666666667
11	0.166666666666667	0.666666666666667	0.166666666666667	0.0
