Pos	A	C	G	T
1	0.0540540540541	0.116216216216	0.0324324324324	0.797297297297
2	0.0306406685237	0.0974930362117	0.050139275766	0.821727019499
3	0.0224358974359	0.945512820513	0.0160256410256	0.0160256410256
4	0.0302114803625	0.891238670695	0.00604229607251	0.0725075528701
5	0.661434977578	0.0448430493274	0.242152466368	0.0515695067265
6	0.0655737704918	0.2037470726	0.03981264637	0.690866510539
7	0.0654205607477	0.00311526479751	0.919003115265	0.01246105919
8	0.00335570469799	0.00335570469799	0.989932885906	0.00335570469799
9	0.872781065089	0.0295857988166	0.085798816568	0.0118343195266
10	0.90490797546	0.00306748466258	0.0521472392638	0.0398773006135
11	0.505136986301	0.231164383562	0.0633561643836	0.200342465753
