Pos	A	C	G	T
1	0.576807228915663	0.0530120481927711	0.290361445783133	0.0798192771084337
2	0.387864823348694	0.34715821812596	0.254224270353303	0.010752688172043
3	0.125113739763421	0.871246587807097	0.00181983621474067	0.00181983621474067
4	0.871643149749659	0.000910332271279017	0.10195721438325	0.0254893035958125
5	0.0	0.00542138984721538	0.0507639231148349	0.94381468703795
6	0.951316443119722	0.0357675111773472	0.0129160457029309	0.0
7	0.010752688172043	0.0483870967741935	0.00488758553274682	0.935972629521017
8	0.0014018691588785	0.0	0.894859813084112	0.103738317757009
9	0.00281822451855331	0.0976984499765148	0.52372005636449	0.375763269140442
10	0.0492905153099328	0.159447348767737	0.0761762509335325	0.715085884988798
