Pos	A	C	G	T
1	0.158028169014085	0.246056338028169	0.233380281690141	0.362535211267606
2	0.385524372230428	0.175320986251562	0.421202136120895	0.017952505397114
3	0.000281491907107671	0.000281491907107671	0.000140745953553835	0.999296270232231
4	0.000810701256586948	0.000945818132684772	0.0389136603161735	0.959329820294555
5	0.927983270160763	0.000914913083257091	0.0707097111488694	0.000392105607110182
6	9.71062342202369e-05	0.689454262963682	0.00165080598174403	0.308797824820353
7	0.272197813425973	0.00214570348421375	0.725452130377031	0.000204352712782262
8	0.000526177321757432	0.0655090765588003	0.0	0.933964746119442
9	0.920643153526971	0.0780601659751037	0.000778008298755187	0.000518672199170124
10	0.998453100829701	0.000281254394599916	0.000562508789199831	0.000703135986499789
11	0.0111751982696467	0.407714491708724	0.13578466714732	0.445325642874309
12	0.271869277363009	0.268065924778138	0.24144245668404	0.218622341174813
