Pos	A	C	G	T
1	0.318181818181818	0.196969696969697	0.303030303030303	0.181818181818182
2	0.025974025974026	0.116883116883117	0.012987012987013	0.844155844155844
3	0.0	0.0	1.0	0.0
4	0.0151515151515152	0.984848484848485	0.0	0.0
5	0.0	1.0	0.0	0.0
6	1.0	0.0	0.0	0.0
7	0.0	1.0	0.0	0.0
8	0.0	0.0	1.0	0.0
9	0.0	0.0	0.0	1.0
10	0.0571428571428571	0.928571428571429	0.0142857142857143	0.0
11	0.878378378378378	0.027027027027027	0.0675675675675676	0.027027027027027
12	0.0454545454545455	0.363636363636364	0.181818181818182	0.409090909090909
13	0.0416666666666667	0.902777777777778	0.0138888888888889	0.0416666666666667
14	0.833333333333333	0.0641025641025641	0.0769230769230769	0.0256410256410256
