Pos	A	C	G	T
1	0.534663099002676	0.0678666990999757	0.097421551933836	0.300048649963513
2	0.38561320754717	0.119929245283019	0.284551886792453	0.209905660377358
3	0.123173044739485	0.132879616199933	0.297779761240656	0.446167577819926
4	0.0759158222915043	0.0286048324240062	0.714575214341387	0.180904130943102
5	0.473381110826721	0.487458407985667	0.00755055029434349	0.0316099308932685
6	0.020875	0.896125	0.02775	0.05525
7	0.950187856017452	0.00206035632044601	0.033450490849594	0.0143012968125076
8	0.00122000813338756	0.997153314355429	0.000271112918530568	0.00135556459265284
9	0.00455540954883925	0.0	0.994568550153307	0.000876040297853701
10	0.0	0.00175227247837039	0.000876136239185193	0.997371591282444
11	0.049184571576495	0.94020191560963	0.00608335490551385	0.00453015790836138
12	0.962366237826139	0.0057713117710713	0.0208007695082361	0.0110616808945533
13	0.0190887210556893	0.188646360693834	0.262013445099178	0.530251473151299
14	0.101238611935715	0.646227863650322	0.124577745931006	0.127955778482956
