Pos	A	C	G	T
1	0.0952821461609621	0.562442183163737	0.0101757631822387	0.332099907493062
2	0.94885745375408	0.0402611534276387	0.0	0.0108813928182807
3	0.0156028368794326	0.0099290780141844	0.0	0.974468085106383
4	0.00409836065573771	0.0191256830601093	0.0177595628415301	0.959016393442623
5	0.0105485232067511	0.0147679324894515	0.970464135021097	0.00421940928270042
6	0.0	0.00429799426934097	0.00573065902578797	0.989971346704871
7	0.0232067510548523	0.0	0.976793248945148	0.0
8	0.0	0.014265335235378	0.0114122681883024	0.97432239657632
9	0.0	0.992603550295858	0.0	0.00739644970414201
10	0.0101596516690856	0.977503628447025	0.0	0.0123367198838897
11	0.18904593639576	0.00706713780918728	0.765017667844523	0.03886925795053
12	0.0474040632054176	0.396162528216704	0.0733634311512415	0.483069977426637
