Pos	A	C	G	T
1	0.089769647696477	0.0335365853658537	0.0562330623306233	0.820460704607046
2	0.0136658694909464	0.0017082336863683	0.0392893747864708	0.945336522036215
3	0.013627254509018	0.00120240480961924	0.977555110220441	0.00761523046092184
4	0.0274483226025076	0.0125381226702813	0.0	0.960013554727211
5	0.00271094544222298	0.0	0.010504913588614	0.986784140969163
6	0.0	0.0	0.13926670609107	0.86073329390893
7	0.859970674486804	0.00268817204301075	0.00317693059628544	0.1341642228739
8	0.0193867457962413	0.9513353115727	0.0158259149357072	0.0134520276953511
9	0.0	0.790160183066362	0.00045766590389016	0.209382151029748
10	0.0197899838449111	0.00282714054927302	0.974959612277868	0.0024232633279483
11	0.00384615384615385	0.0	0.00384615384615385	0.992307692307692
12	0.797568957456755	0.200794763908368	0.0	0.00163627863487611
13	0.679470872551514	0.305520223861613	0.0	0.0150089035868736
14	0.992923860741579	0.0	0.00707613925842061	0.0
15	0.0	0.931487397941072	0.00141995030173944	0.0670926517571885
16	0.985412325096755	0.0	0.00119083060434653	0.0133968442988985
17	0.051969012265978	0.33666881859264	0.0364751452550032	0.574887023886378
