Pos	A	C	G	T
1	0.195918367346939	0.0612244897959184	0.718367346938775	0.0244897959183673
2	0.873188405797101	0.0615942028985507	0.0217391304347826	0.0434782608695652
3	0.0277777777777778	0.0777777777777778	0.127777777777778	0.766666666666667
4	0.0384615384615385	0.0494505494505494	0.0659340659340659	0.846153846153846
5	0.0135135135135135	0.0	0.986486486486487	0.0
6	0.0	0.0122699386503067	0.0429447852760736	0.94478527607362
7	0.0294117647058824	0.00840336134453781	0.92436974789916	0.0378151260504202
8	0.08125	0.0	0.0	0.91875
9	0.0105633802816901	0.985915492957746	0.00352112676056338	0.0
10	0.0072202166064982	0.992779783393502	0.0	0.0
11	0.197368421052632	0.0350877192982456	0.543859649122807	0.223684210526316
12	0.0252525252525253	0.101010101010101	0.601010101010101	0.272727272727273
