Pos	A	C	G	T
1	0.938461538461538	0.0153846153846154	0.0430769230769231	0.00307692307692308
2	1.0	0.0	0.0	0.0
3	0.0	1.0	0.0	0.0
4	0.993485342019544	0.00651465798045603	0.0	0.0
5	0.245049504950495	0.754950495049505	0.0	0.0
6	0.0	0.0	0.0	1.0
7	0.00326797385620915	0.0	0.996732026143791	0.0
8	0.524691358024691	0.376543209876543	0.0481481481481481	0.0506172839506173
9	0.996732026143791	0.0	0.00326797385620915	0.0
10	1.0	0.0	0.0	0.0
11	0.0	0.0	0.0	1.0
12	0.0	0.0	0.0	1.0
13	0.0	0.0	1.0	0.0
14	0.0	0.0	0.0	1.0
15	0.0	0.0	0.0	1.0
