Pos	A	C	G	T
1	0.223809523809524	0.319047619047619	0.152380952380952	0.304761904761905
2	0.921052631578947	0.0087719298245614	0.0087719298245614	0.0614035087719298
3	0.00943396226415094	0.0	0.0	0.990566037735849
4	0.0	0.0	1.0	0.0
5	1.0	0.0	0.0	0.0
6	0.461904761904762	0.538095238095238	0.0	0.0
7	0.0	0.0	0.0	1.0
8	0.247619047619048	0.0	0.752380952380952	0.0
9	0.416267942583732	0.344497607655502	0.076555023923445	0.162679425837321
10	0.738317757009346	0.242990654205607	0.0	0.0186915887850467
11	0.995260663507109	0.0	0.004739336492891	0.0
12	0.0	0.0140845070422535	0.0	0.985915492957746
13	0.004739336492891	0.0	0.0	0.995260663507109
14	0.0	0.945945945945946	0.0	0.0540540540540541
15	0.995260663507109	0.0	0.0	0.004739336492891
16	0.018348623853211	0.018348623853211	0.0	0.963302752293578
17	0.253588516746411	0.330143540669856	0.167464114832536	0.248803827751196
