Pos	A	C	G	T
1	0.346863468634686	0.0977859778597786	0.363468634686347	0.191881918819188
2	0.11963589076723	0.331599479843953	0.241872561768531	0.306892067620286
3	0.738963531669866	0.0191938579654511	0.241842610364683	0.0
4	0.970996216897856	0.0	0.0252206809583859	0.00378310214375788
5	0.0	1.0	0.0	0.0
6	0.998702983138781	0.0	0.0012970168612192	0.0
7	0.0971615720524018	0.0611353711790393	0.84061135371179	0.00109170305676856
8	0.0	0.855555555555556	0.0644444444444444	0.08
9	0.0	0.0	0.0	1.0
10	0.0	0.0012970168612192	0.998702983138781	0.0
11	0.00881612090680101	0.0188916876574307	0.00251889168765743	0.969773299748111
12	0.000962463907603465	0.240615976900866	0.0173243503368624	0.741097208854668
13	0.30609597924773	0.24254215304799	0.334630350194553	0.116731517509728
14	0.17984934086629	0.385122410546139	0.0951035781544256	0.339924670433145
