Pos	A	C	G	T
1	0.481818181818182	0.0515151515151515	0.181818181818182	0.284848484848485
2	0.322188449848024	0.00303951367781155	0.227963525835866	0.446808510638298
3	0.0	0.0760869565217391	0.0072463768115942	0.916666666666667
4	0.255882352941176	0.0	0.744117647058824	0.0
5	0.0	0.0543478260869565	0.0289855072463768	0.916666666666667
6	0.0	0.00393700787401575	0.0	0.996062992125984
7	0.0	0.00348432055749129	0.114982578397213	0.881533101045296
8	0.821428571428571	0.0162337662337662	0.038961038961039	0.123376623376623
9	0.0106382978723404	0.672872340425532	0.0	0.316489361702128
10	0.399209486166008	0.134387351778656	0.0948616600790514	0.371541501976285
11	0.0	0.253644314868805	0.0087463556851312	0.737609329446064
12	0.727272727272727	0.0416666666666667	0.0	0.231060606060606
13	0.569169960474308	0.0197628458498024	0.308300395256917	0.102766798418972
