Pos	A	C	G	T
1	0.54396085167061	0.109148653465988	0.103639368700781	0.243251126162621
2	0.388631428849208	0.133227468645688	0.0812457465080857	0.396895355997019
3	0.0958914809414705	0.302202666111227	0.100708185794626	0.501197667152677
4	0.0	0.0	1.0	0.0
5	0.815336415622338	0.0614125806059131	0.0	0.123251003771748
6	0.0	0.0237598076436345	0.0	0.976240192356365
7	0.972149585709335	0.0	0.0278504142906651	0.0
8	0.0	1.0	0.0	0.0
9	0.871174477696217	0.0	0.0518633540372671	0.0769621682665161
10	0.260394724049648	0.158861846582623	0.102731957092394	0.478011472275335
11	0.161454451178015	0.28395501831027	0.158667401237969	0.395923129273747
