Pos	A	C	G	T
1	0.668508287292818	0.0	0.0773480662983425	0.25414364640884
2	0.388888888888889	0.0444444444444444	0.233333333333333	0.333333333333333
3	0.0267379679144385	0.0106951871657754	0.0	0.962566844919786
4	0.261224489795918	0.0	0.73469387755102	0.00408163265306122
5	0.0	0.0564102564102564	0.0205128205128205	0.923076923076923
6	0.041025641025641	0.00512820512820513	0.0307692307692308	0.923076923076923
7	0.684410646387833	0.0114068441064639	0.304182509505703	0.0
8	0.0	0.027027027027027	0.0	0.972972972972973
9	0.0	0.0217391304347826	0.0	0.978260869565217
10	0.0	0.0	0.967741935483871	0.032258064516129
11	0.0208333333333333	0.0416666666666667	0.0	0.9375
12	0.348591549295775	0.0176056338028169	0.0	0.633802816901408
13	0.132596685082873	0.0	0.49171270718232	0.375690607734807
