Pos	A	C	G	T
1	0.219858156028369	0.156028368794326	0.191489361702128	0.432624113475177
2	0.326241134751773	0.205673758865248	0.297872340425532	0.170212765957447
3	0.0	0.0	1.0	0.0
4	0.0	1.0	0.0	0.0
5	0.0263157894736842	0.0	0.927631578947368	0.0460526315789474
6	0.00694444444444444	0.0138888888888889	0.0	0.979166666666667
7	0.0363636363636364	0.854545454545454	0.0484848484848485	0.0606060606060606
8	0.226950354609929	0.276595744680851	0.0921985815602837	0.404255319148936
9	0.297872340425532	0.226950354609929	0.127659574468085	0.347517730496454
10	0.269503546099291	0.134751773049645	0.340425531914894	0.25531914893617
11	0.269503546099291	0.099290780141844	0.354609929078014	0.276595744680851
12	0.0188679245283019	0.0628930817610063	0.886792452830189	0.0314465408805031
13	0.986013986013986	0.013986013986014	0.0	0.0
14	0.0202702702702703	0.952702702702703	0.0	0.027027027027027
15	0.00694444444444444	0.0	0.979166666666667	0.0138888888888889
16	0.00694444444444444	0.979166666666667	0.00694444444444444	0.00694444444444444
17	0.148936170212766	0.297872340425532	0.24113475177305	0.312056737588652
18	0.435714285714286	0.142857142857143	0.1	0.321428571428571
