Pos	A	C	G	T
1	0.406138790035587	0.125444839857651	0.134564056939502	0.33385231316726
2	0.329032258064516	0.107230255839822	0.140823136818687	0.422914349276974
3	0.0945666478661402	0.0439932318104907	0.0161684527166761	0.845271667606693
4	0.212686567164179	0.00932835820895522	0.762550881953867	0.0154341926729986
5	0.0100149158320903	0.022373748135521	0.00958874920093757	0.958022586831451
6	0.00901287553648069	0.0092274678111588	0.0169527896995708	0.96480686695279
7	0.789325842696629	0.00228230337078652	0.0898876404494382	0.118504213483146
8	0.0109606705351386	0.00580270793036751	0.0169782935740383	0.966258327960456
9	0.00149636596836255	0.0260795211628901	0.0113296280461736	0.961094484822574
10	0.0617495711835334	0.184720939437921	0.593218102652065	0.160311386726481
11	0.0132478632478632	0.0209401709401709	0.00512820512820513	0.960683760683761
12	0.263014138817481	0.0044987146529563	0.0101221079691517	0.722365038560411
13	0.310720640569395	0.0320284697508897	0.147686832740214	0.509564056939502
