Pos	A	C	G	T
1	0.341696113074205	0.116254416961131	0.321554770318021	0.220494699646643
2	0.354542241074585	0.0816542948038176	0.375044185224461	0.188759278897137
3	0.133215443560271	0.00825228411435308	0.834070144414972	0.0244621279104038
4	0.0517201570076195	0.00577233895174325	0.653428769337336	0.289078734703302
5	0.0590153244212586	0.00945549396804695	0.922725790674927	0.00880339093576785
6	0.00723140495867769	0.00654269972451791	0.974517906336088	0.0117079889807163
7	0.00453752181500873	0.00383944153577661	0.987783595113438	0.00383944153577661
8	0.0250257113472746	0.744943435035996	0.00479945149125814	0.225231402125471
9	0.0123056994818653	0.0216968911917098	0.916450777202073	0.0495466321243523
10	0.00443349753694581	0.215024630541872	0.0834975369458128	0.697044334975369
11	0.00896242674939676	0.0062047569803516	0.975525680799724	0.0093071354705274
12	0.0422058530758511	0.0199084212621939	0.563408321720088	0.374477403941867
13	0.0322344322344322	0.691086691086691	0.0434676434676435	0.233211233211233
