Pos	A	C	G	T
1	0.0543100610759609	0.0120323300296237	0.0104962878981823	0.923161320996233
2	0.845571485997588	0.017586761356023	0.0300817365670642	0.106760016079325
3	0.977500677690431	0.00410486775355303	0.014521937807381	0.00387251674863494
4	0.0283839680502068	0.0389744686920553	0.0325559834545714	0.900085579803167
5	0.0560246208669947	0.255542732187329	0.155186377533459	0.533246269412217
6	0.167736312495048	0.086086680928611	0.209016718168132	0.537160288408209
7	0.765605095541401	0.101789505611162	0.0354564755838641	0.0971489232635729
8	0.966126995062579	0.0104489608451028	0.0139702223753205	0.00945382171699774
9	0.000867713181352055	0.00260313954405616	0.000946596197838605	0.995582551076753
10	0.0423536000560048	0.0637404179355245	0.0103608806748574	0.883545101333613
11	0.905640068886338	0.0101535591274397	0.0175803673938002	0.0666260045924225
