Pos	A	C	G	T
1	0.313623188405797	0.365507246376812	0.252753623188406	0.0681159420289855
2	0.0179770413688542	0.747238466536712	0.0032488628979857	0.231535629196448
3	0.786056049213944	0.137161084529506	0.00729095465937571	0.0694919115971748
4	0.0298087739032621	0.970191226096738	0.0	0.0
5	0.0986328125	0.0501953125	0.17734375	0.673828125
6	0.0724340926542104	0.359355003839263	0.0445354491937548	0.523675454312772
7	0.255652173913043	0.365797101449275	0.319130434782609	0.0594202898550725
8	0.540413533834586	0.154918546365915	0.145050125313283	0.159617794486216
9	0.182077625570776	0.492294520547945	0.18236301369863	0.143264840182648
