Pos	A	C	G	T
1	0.0412595005428882	0.55700325732899	0.11400651465798	0.287730727470141
2	0.001	0.000333333333333333	0.963666666666667	0.035
3	0.0	0.0	0.036697247706422	0.963302752293578
4	0.0087719298245614	0.921052631578947	0.0	0.0701754385964912
5	1.0	0.0	0.0	0.0
6	0.00884955752212389	0.929203539823009	0.00884955752212389	0.0530973451327434
7	0.0	0.0	1.0	0.0
8	0.0	0.972222222222222	0.0277777777777778	0.0
9	0.61046511627907	0.0	0.0	0.38953488372093
10	0.0	0.0186915887850467	0.0	0.981308411214953
11	0.0	0.102564102564103	0.897435897435897	0.0
12	0.945945945945946	0.0	0.0540540540540541	0.0
13	0.0952380952380952	0.419047619047619	0.333333333333333	0.152380952380952
14	0.0	0.0619469026548673	0.00884955752212389	0.929203539823009
15	0.0476190476190476	0.0	0.80952380952381	0.142857142857143
