Pos	A	C	G	T
1	0.184925236496796	0.411324104641163	0.189280661358782	0.21446999750326
2	0.115685512955668	0.553847861066415	0.121483659768074	0.208982966209843
3	0.467625899280576	0.00406392443297271	0.522186830688121	0.0061233455983305
4	0.0840052408788551	0.908234226970369	0.00776053215077605	0.0
5	0.991037061475861	0.0	0.00896293852413945	0.0
6	0.0	0.0	0.0	1.0
7	0.20527407660885	0.0	0.0238039224073401	0.77092200098381
8	0.00112786091549296	0.991582306338028	0.00321852992957746	0.00407130281690141
9	0.0	0.990574074582978	0.00104427162054467	0.00838165379647696
10	0.545110848985271	0.0275232132595348	0.160557118228836	0.266808819526359
