Pos	A	C	G	T
1	0.209302325581	0.525939177102	0.144305307096	0.120453190221
2	0.196083763938	0.455806363884	0.0783247212401	0.269785150938
3	0.0455120101138	0.119679730299	0.128529287821	0.706278971766
4	0.94051627385	0.0173961840629	0.0364758698092	0.00561167227834
5	0.0	0.993479549496	0.0	0.00652045050385
6	0.000580383052815	0.0261172373767	0.972721996518	0.000580383052815
7	0.0238788584741	0.0	0.0	0.976121141526
8	0.0091649694501	0.853360488798	0.136456211813	0.0010183299389
9	0.982415005862	0.00468933177022	0.0128956623681	0.0
10	0.0	0.480880648899	0.0289687137891	0.490150637312
