Pos	A	C	G	T
1	0.681818181818	0.168181818182	0.109090909091	0.0409090909091
2	0.00856531049251	0.0278372591006	0.0	0.963597430407
3	0.0	0.0439770554493	0.860420650096	0.0956022944551
4	0.924024640657	0.0390143737166	0.00616016427105	0.0308008213552
5	0.0080971659919	0.910931174089	0.0587044534413	0.0222672064777
6	0.0252631578947	0.0273684210526	0.947368421053	0.0
7	0.0189873417722	0.00632911392405	0.0253164556962	0.949367088608
8	0.0887096774194	0.907258064516	0.0	0.00403225806452
9	0.967741935484	0.0301075268817	0.0	0.00215053763441
10	0.0235294117647	0.507843137255	0.0941176470588	0.374509803922
