Pos	A	C	G	T
1	0.105015673981	0.163009404389	0.65987460815	0.0721003134796
2	0.201292705448	0.777469990766	0.00184672206833	0.0193905817175
3	0.0196078431373	0.917211328976	0.0250544662309	0.0381263616558
4	0.941834451902	0.0369127516779	0.0111856823266	0.010067114094
5	0.00117370892019	0.988262910798	0.0	0.0105633802817
6	0.0270574971815	0.0225479143179	0.949267192785	0.0011273957159
7	0.0	0.00590318772137	0.0	0.994096812279
8	0.0409090909091	0.956818181818	0.0	0.00227272727273
9	0.988262910798	0.00352112676056	0.00469483568075	0.00352112676056
10	0.0255319148936	0.26524822695	0.112056737589	0.597163120567
11	0.09377593361	0.698755186722	0.10622406639	0.101244813278
