Pos	A	C	G	T
1	0.450729927007	0.171532846715	0.138686131387	0.239051094891
2	0.377833753149	0.173803526448	0.2040302267	0.244332493703
3	0.134831460674	0.266452648475	0.0385232744783	0.560192616372
4	0.0203619909502	0.0882352941176	0.877828054299	0.0135746606335
5	0.157676348548	0.767634854772	0.0165975103734	0.0580912863071
6	0.08	0.144	0.022	0.754
7	0.0414937759336	0.0269709543568	0.813278008299	0.118257261411
8	0.849673202614	0.0653594771242	0.0174291938998	0.0675381263617
9	0.0636363636364	0.375	0.495454545455	0.0659090909091
10	0.0663716814159	0.0154867256637	0.0752212389381	0.842920353982
11	0.125968992248	0.742248062016	0.0717054263566	0.0600775193798
12	0.699248120301	0.0300751879699	0.18984962406	0.0808270676692
13	0.0617529880478	0.00996015936255	0.749003984064	0.179282868526
14	0.002331002331	0.918414918415	0.048951048951	0.030303030303
15	0.57003257329	0.0586319218241	0.223127035831	0.148208469055
16	0.309045226131	0.190954773869	0.158291457286	0.341708542714
17	0.289108910891	0.112871287129	0.150495049505	0.447524752475
