Pos	A	C	G	T
1	0.113995854696193	0.370241082142468	0.195701974473656	0.320061088687684
2	0.285844260101686	0.0187851217554188	0.695370618142895	0.0
3	0.520278593764806	0.077987302188951	0.0533497583625509	0.348384345683692
4	0.0	1.0	0.0	0.0
5	1.0	0.0	0.0	0.0
6	0.108759681466129	0.176066324860914	0.642303916221228	0.072870077451729
7	0.0386167775717247	0.55023453692593	0.264754008945129	0.146394676557216
8	0.000218126295124877	0.0	0.0	0.999781873704875
9	0.0	0.0	1.0	0.0
10	0.0163235420794211	0.0801533293134637	0.113877164269102	0.789645964338014
11	0.00482374768089054	0.197237682951969	0.0420531849103278	0.755885384456813
12	0.232846078324425	0.306807025199084	0.335278717137559	0.125068179338933
