Pos	A	C	G	T
1	0.0828295042321645	0.443772672309553	0.166263603385732	0.307134220072551
2	0.612429378531073	0.0429378531073446	0.321468926553672	0.0231638418079096
3	0.737033195020747	0.142634854771784	0.120331950207469	0.0
4	0.0	1.0	0.0	0.0
5	0.998188405797101	0.00181159420289855	0.0	0.0
6	0.00699708454810496	0.0145772594752187	0.963848396501458	0.0145772594752187
7	0.0275821596244131	0.970070422535211	0.00234741784037559	0.0
8	0.00361663652802893	0.0	0.0	0.996383363471971
9	0.0	0.0	1.0	0.0
10	0.00638637573177222	0.0250133049494412	0.0888770622671634	0.879723257051623
11	0.0105318588730911	0.0647709320695103	0.0542390731964192	0.870458135860979
12	0.20205686630369	0.201451905626134	0.490018148820327	0.106473079249849
