Pos	A	C	G	T
1	0.0709239130435	0.105706521739	0.106793478261	0.716576086957
2	0.0284875183554	0.0164464023495	0.888105726872	0.0669603524229
3	0.0811790287509	0.129258274946	0.138439236531	0.651123459773
4	0.619004524887	0.296229260935	0.0452488687783	0.0395173453997
5	0.0127701375246	0.600442043222	0.199901768173	0.186886051081
6	0.98171727065	0.0048971596474	0.00326477309827	0.0101207966046
7	0.000327011118378	0.994767822106	0.0	0.00490516677567
8	0.00358773646445	0.0	0.992498369211	0.00391389432485
9	0.0	0.000987491770902	0.000329163923634	0.998683344305
10	0.00228534116879	0.00163238654913	0.992491021874	0.0035912504081
11	0.0040637699281	0.0134417005314	0.932478899656	0.0500156298843
12	0.01451144792	0.975814253467	0.00483714930668	0.00483714930668
13	0.811236623068	0.0404280618312	0.112068965517	0.0362663495838
