Pos	A	C	G	T
1	0.110224249334854	0.385404789053592	0.182820220448499	0.321550741163056
2	0.635605511240029	0.0126903553299492	0.318346627991298	0.0333575054387237
3	0.221968833143292	0.660205245153934	0.102242493348537	0.0155834283542379
4	0.0929507174048659	0.82064878353088	0.0651902682470368	0.0212102308172177
5	0.931327433628319	0.0176991150442478	0.0	0.0509734513274336
6	0.0	0.0876288659793814	0.00824742268041237	0.904123711340206
7	0.899794801641587	0.00239398084815321	0.0978112175102599	0.0
8	0.0395968322534197	0.00863930885529158	0.0046796256299496	0.947084233261339
9	0.0237797246558198	0.0754067584480601	0.823216520650814	0.0775969962453066
10	0.00456100342075257	0.101102242493349	0.627518053971874	0.266818700114025
11	0.0606926097822206	0.297750803284541	0.0	0.641556586933238
12	0.30482706195363	0.167996959331053	0.44811858608894	0.0790573926263778
