Pos	A	C	G	T
1	0.182609541409327	0.222924670524729	0.365364975927637	0.229100812138307
2	0.267167955525462	0.0	0.732832044474538	0.0
3	0.0	0.0	0.0	1.0
4	0.0	0.997526073247635	0.00247392675236478	0.0
5	1.0	0.0	0.0	0.0
6	0.0	0.885006025133414	0.013556550180754	0.101437424685832
7	0.67373437727958	0.0	0.32626562272042	0.0
8	0.0	0.0	0.0	1.0
9	0.0	0.0	1.0	0.0
10	0.210114271821055	0.106831996109895	0.498954534403112	0.184099197665937
11	0.0504597613800441	0.164032221293411	0.168211870202903	0.617296147123642
