Pos	A	C	G	T
1	0.210592686002522	0.35687263556116	0.0491803278688525	0.383354350567465
2	0.256043956043956	0.127472527472527	0.616483516483517	0.0
3	0.00375	0.9925	0.00375	0.0
4	0.979038224414303	0.0	0.0135635018495684	0.00739827373612824
5	0.0119617224880383	0.0191387559808612	0.949760765550239	0.0191387559808612
6	0.0363423212192263	0.0328253223915592	0.930832356389215	0.0
7	0.0	0.0	0.0340632603406326	0.965936739659367
8	0.0	0.00873907615480649	0.991260923845193	0.0
9	0.0	0.0421686746987952	0.160642570281124	0.79718875502008
10	0.0628183361629881	0.0577249575551783	0.205432937181664	0.67402376910017
