Pos	A	C	G	T
1	0.0622083981337481	0.29393468118196	0.419906687402799	0.223950233281493
2	0.863087248322148	0.0	0.0671140939597315	0.0697986577181208
3	0.00264550264550265	0.146825396825397	0.0	0.850529100529101
4	0.0	0.0205198358413133	0.879616963064295	0.0998632010943912
5	0.579801623083859	0.238052299368801	0.0198376916140667	0.162308385933273
6	0.0284237726098191	0.0439276485788114	0.830749354005168	0.0968992248062016
7	0.018970189701897	0.0447154471544715	0.0650406504065041	0.871273712737127
8	0.0099009900990099	0.909476661951909	0.0721357850070721	0.00848656294200849
9	0.980182926829268	0.0198170731707317	0.0	0.0
10	0.073972602739726	0.242465753424658	0.0452054794520548	0.638356164383562
11	0.194099378881988	0.408385093167702	0.347826086956522	0.0496894409937888
