Pos	A	C	G	T
1	0.461111111111111	0.0277777777777778	0.501388888888889	0.00972222222222222
2	0.0616352201257862	0.0440251572327044	0.0226415094339623	0.871698113207547
3	0.00616016427104723	0.948665297741273	0.0301163586584531	0.0150581793292266
4	0.802083333333333	0.00231481481481481	0.193287037037037	0.00231481481481481
5	0.0	0.884492661135929	0.0976388002552648	0.0178685386088066
6	0.0130890052356021	0.0798429319371728	0.907068062827225	0.0
7	0.00414446417998816	0.172291296625222	0.0029603315571344	0.820603907637655
8	0.00143781452192667	0.00215672178289001	0.996405463695183	0.0
9	0.848225214198286	0.0	0.0520195838433293	0.0997552019583843
10	0.0	0.0869054609512625	0.099236641221374	0.813857897827364
