Pos	A	C	G	T
1	0.132682926829268	0.179024390243902	0.51609756097561	0.172195121951219
2	0.449457700650759	0.0993492407809111	0.439913232104121	0.0112798264642082
3	0.000479616306954436	0.0158273381294964	0.000479616306954436	0.983213429256595
4	0.00753295668549906	0.00706214689265537	0.965160075329567	0.0202448210922787
5	0.994662785055798	0.00339640950994663	0.000970402717127608	0.000970402717127608
6	0.000948316737790422	0.972024656235183	0.00189663347558084	0.0251303935514462
7	0.0233111322549952	0.00142721217887726	0.975261655566128	0.0
8	0.00242365487154629	0.00387784779447407	0.0	0.99369849733398
9	0.0175355450236967	0.971563981042654	0.0028436018957346	0.00805687203791469
10	0.986050986050986	0.00384800384800385	0.0101010101010101	0.0
11	0.0105032822757112	0.434573304157549	0.0919037199124726	0.463019693654267
12	0.170243902439024	0.542926829268293	0.158536585365854	0.128292682926829
