Pos	A	C	G	T
1	0.146969696969697	0.323484848484848	0.16540404040404	0.364141414141414
2	0.153260869565217	0.05625	0.538179347826087	0.252309782608696
3	0.278927723108246	0.672039362063115	0.0166270783847981	0.0324058364438412
4	0.0898692810457516	0.809027777777778	0.0328839869281046	0.068218954248366
5	0.96609756097561	0.0	0.0334146341463415	0.00048780487804878
6	0.0	0.989013732833958	0.0	0.0109862671660424
7	0.0296260320543953	0.00728508984944148	0.96187469645459	0.00121418164157358
8	0.00540009818360334	0.0198821796759941	0.00245459008345606	0.972263132056946
9	0.0593277690051884	0.8935258290097	0.0327092262576134	0.0144371757274983
10	0.858288190682557	0.0494041170097508	0.0751895991332611	0.0171180931744312
11	0.0406976744186047	0.560723514211886	0.106373815676141	0.292204995693368
12	0.178995203231507	0.478667003282	0.180509972229235	0.161827821257258
