Pos	A	C	G	T
1	0.259948929483402	0.0223924572775486	0.655038302887448	0.0626203103516009
2	0.080884325069926	0.0853672554504004	0.665964213188245	0.167784206291429
3	0.744249592169657	0.235725938009788	0.0200244698205546	0.0
4	0.000149313159466454	0.000248855265777424	4.97710531554848e-05	0.999552060521601
5	4.97611464968153e-05	0.000149283439490446	0.999402866242038	0.000398089171974522
6	0.999402747362134	9.95421063109695e-05	0.000447939478399363	4.97710531554848e-05
7	0.0	0.99596713965646	4.97883993029624e-05	0.00398307194423699
8	0.000149342891278375	0.0	0.999850657108722	0.0
9	0.00019895548371052	0.00044764983834867	0.000596866451131559	0.998756528226809
10	0.0	0.999900428158917	4.97859205416708e-05	4.97859205416708e-05
11	0.999651567944251	9.95520159283225e-05	0.000149328023892484	9.95520159283225e-05
12	0.0	0.0212470943273113	0.232820847436891	0.745932058235798
13	0.167860837579984	0.665849266255412	0.088700716502548	0.077589179662056
14	0.0631719375343326	0.655614847367182	0.0223259828925685	0.258887232205917
