Pos	A	C	G	T
1	0.218137989268107	0.341282379538583	0.364611990303162	0.0759676408901479
2	0.71068244950106	0.00259390818726468	0.286723642311675	0.0
3	0.0	0.0	0.0	1.0
4	0.0	0.0	1.0	0.0
5	0.992002053526797	0.00799794647320283	0.0	0.0
6	0.0219190600522193	0.475300261096606	0.483276762402089	0.0195039164490862
7	0.0	0.0	0.00841323430114787	0.991586765698852
8	0.0	1.0	0.0	0.0
9	1.0	0.0	0.0	0.0
10	0.0	0.288018833336549	0.0035408988287054	0.708440267834745
11	0.0780377522948274	0.36278702367009	0.338449595511127	0.220725628523956
