Pos	A	C	G	T
1	0.542211957916346	0.0405440082114447	0.363869643315371	0.0533743905568386
2	0.347259594958221	0.413397535759807	0.223197847330406	0.0161450219515649
3	0.0235310306866657	0.971790284849319	0.00288977569836246	0.00178890876565295
4	0.937599575146044	0.00504514073287307	0.0435475305363781	0.0138077535847053
5	0.0	0.00994258507211875	0.00112029127573169	0.98893712365215
6	0.98110586273965	0.00777993887190886	0.0111141983884412	0.0
7	0.0322248002062387	0.0532353699407064	0.00425367362722351	0.910286156225831
8	0.0	0.0	0.986312849162011	0.0136871508379888
9	0.0177003681676579	0.238176154064005	0.390399320305862	0.353724157462475
10	0.0835445828281715	0.0655791910062824	0.0725228700540064	0.77835335611154
