Pos	A	C	G	T
1	0.144615384615385	0.366794871794872	0.242051282051282	0.246538461538462
2	0.247100546343334	0.179143103613534	0.500335473976804	0.073420876066328
3	0.0270400192284581	0.0216320153827665	0.0140608099987982	0.937267155389977
4	0.0	0.0394312222670432	0.174062121823316	0.786506655909641
5	0.647268106734435	0.0071156289707751	0.343710292249047	0.00190597204574333
6	0.00601669941060904	0.591110019646365	0.0363457760314342	0.366527504911591
7	0.00985881207400195	0.0408958130477118	0.949245374878286	0.0
8	0.00910125142207053	0.342940209834408	0.00505625079003919	0.642902287953482
9	0.783582839344921	0.13774741284035	0.0732442479654376	0.00542549984929167
10	0.903498609823911	0.0133225208526413	0.0363762743280816	0.0468025949953661
11	0.0803148197835614	0.425275020123424	0.222162597263214	0.272247562829801
12	0.219643544044108	0.2184895499423	0.400564174894217	0.161302731119374
