Pos	A	C	G	T
1	0.099090538889643	0.346002443328356	0.0395004750916248	0.515406542690376
2	0.0287751464222052	0.00331041507512096	0.96689584924879	0.00101858925388337
3	0.0773320444659256	0.917593040115998	0.00386660222329628	0.00120831319478009
4	0.00471821756225426	0.995281782437746	0.0	0.0
5	0.997111344537815	0.00288865546218487	0.0	0.0
6	0.0	1.0	0.0	0.0
7	0.0	0.0	1.0	0.0
8	0.014018691588785	0.0	0.000259605399792316	0.985721703011423
9	0.1369913459768	0.699134597679985	0.113422942367888	0.0504511139753268
10	0.691369264384559	0.0892206846321923	0.180626365622724	0.0387836853605244
11	0.112507480550569	0.498104927189308	0.130061839218033	0.259325753042091
12	0.189623386884382	0.505925730840137	0.19173031340532	0.112720568870161
