Pos	A	C	G	T
1	0.106498511122789	0.260816255035908	0.0968645997547732	0.53582063408653
2	0.0722551510019757	0.021732994637313	0.86339260513689	0.0426192492238216
3	0.161659877800407	0.778767820773931	0.024949083503055	0.0346232179226069
4	0.0959370904325033	0.801834862385321	0.0293577981651376	0.072870249017038
5	0.967731730465043	0.0113888010123379	0.0205631129389434	0.000316355583676052
6	0.0038822387576836	0.989647363312844	0.000323519896473633	0.00614687803299903
7	0.00387722132471729	0.00387722132471729	0.988368336025848	0.00387722132471729
8	0.00315457413249211	0.0255520504731861	0.00630914826498423	0.964984227129338
9	0.0682114032803957	0.0453007029419422	0.796407185628742	0.0900807081489196
10	0.0265712825753705	0.0206949412365866	0.781553398058252	0.171180378129791
11	0.0391659622428853	0.861932938856016	0.0253592561284869	0.073541842772612
12	0.541320120332685	0.116793487878252	0.247389842505751	0.0944965492833127
