Pos	A	C	G	T
1	0.0460863204096562	0.394294074615947	0.042794440380395	0.516825164594002
2	0.0233177881412392	0.0146568954030646	0.941372418387742	0.0206528980679547
3	0.14166168559474	0.844590555887627	0.00597728631201435	0.00777047220561865
4	0.0122116689280868	0.958616010854817	0.0169606512890095	0.0122116689280868
5	0.995771670190275	0.00352360817477097	0.000704721634954193	0.0
6	0.0119601328903654	0.938870431893688	0.0	0.0491694352159468
7	0.0860927152317881	0.187977585328579	0.719816607233826	0.00611309220580744
8	0.0	0.0138217000691085	0.00967519004837595	0.976503109882516
9	0.012396694214876	0.973140495867769	0.00757575757575758	0.0068870523415978
10	0.961878829135466	0.0	0.034717494894486	0.00340367597004765
11	0.0339715873996294	0.472513897467573	0.0932674490426189	0.400247066090179
12	0.174929178470255	0.580028328611898	0.127478753541076	0.117563739376771
