Pos	A	C	G	T
1	0.0737659456461453	0.285080421519689	0.0926234054353855	0.54853022739878
2	0.0757026291931097	0.0380779691749773	0.817316409791478	0.0689029918404352
3	0.105815347721823	0.281175059952038	0.0725419664268585	0.540467625899281
4	0.668520578420467	0.191323692992214	0.0960326288468669	0.0441230997404524
5	0.0436363636363636	0.728484848484849	0.0698989898989899	0.157979797979798
6	0.544025157232704	0.00262054507337526	0.400943396226415	0.0524109014675052
7	0.0	0.805270209915141	0.0125055828494864	0.182224207235373
8	0.0125477359519913	0.0010911074740862	0.983633387888707	0.00272776868521549
9	0.0	0.0	0.0115131578947368	0.988486842105263
10	0.0	0.00276548672566372	0.997234513274336	0.0
11	0.0137966274910577	0.0148185998978028	0.921308124680634	0.0500766479305059
12	0.00110192837465565	0.993388429752066	0.000550964187327824	0.00495867768595041
13	0.646005016123253	0.0139734862056611	0.312791114295951	0.0272303833751344
14	0.19134775374376	0.343871325568497	0.198557958957293	0.266222961730449
