Pos	A	C	G	T
1	0.27154391168232	0.119020157082441	0.220684352172241	0.388751579062998
2	0.0155559107133344	0.0055937350167812	0.969953651909861	0.00889670236002344
3	0.0	0.00438501515807709	0.985653962754439	0.00996102208748376
4	0.00373518107508255	0.00357278189790505	0.985600606290261	0.00709143073675093
5	0.0354074706915373	0.864160615121743	0.0309459395320139	0.069485974654706
6	0.0134877447560579	0.00088367982884517	0.846797823357053	0.138830752058044
7	0.0216129846102094	0.172819779665293	0.0399882263897065	0.765579009334791
8	0.0151699994695804	0.00896409059566117	0.965734896302976	0.0101310136317827
9	0.0137727249962438	0.0414183402614314	0.91185456002404	0.0329543747182852
10	0.00909860347016504	0.492329665679221	0.0277719001269573	0.470799830723656
11	0.153072993903444	0.602076124567474	0.0849123963310815	0.159938485198001
