Pos	A	C	G	T
1	0.213887480993411	0.149518499746579	0.397364419665484	0.239229599594526
2	0.159033078880407	0.234096692111959	0.188507209499576	0.418363019508058
3	0.109841827768014	0.015377855887522	0.866871704745167	0.00790861159929701
4	0.103249097472924	0.712274368231047	0.0285198555956679	0.155956678700361
5	0.00151821862348178	0.0	0.998481781376518	0.0
6	0.0	0.001743679163034	0.138186573670445	0.860069747166521
7	0.208825847123719	0.00197005516154452	0.777383766745469	0.0118203309692671
8	0.0	0.0	0.997976732422863	0.00202326757713708
9	0.0	0.00252780586450961	0.99747219413549	0.0
10	0.0974658869395711	0.64100064977258	0.0100714749837557	0.251461988304094
11	0.0326295585412668	0.0153550863723608	0.946737044145873	0.00527831094049904
12	0.105732484076433	0.0564755838641189	0.43312101910828	0.404670912951168
13	0.211860111505322	0.123669538773441	0.404460212873796	0.26001013684744
