Pos	A	C	G	T
1	0.160480349344978	0.0174672489082969	0.751637554585153	0.0704148471615721
2	0.072265625	0.11279296875	0.142578125	0.67236328125
3	0.00739827373612824	0.0998766954377312	0.848951911220715	0.0437731196054254
4	0.0	0.0	1.0	0.0
5	0.00216919739696312	0.0	0.995661605206074	0.00216919739696312
6	0.0	0.000722543352601156	0.994942196531792	0.00433526011560694
7	0.0	0.0	0.995661605206074	0.00433839479392625
8	0.00216606498194946	0.0	0.994223826714801	0.0036101083032491
9	0.00555555555555556	0.0	0.95625	0.0381944444444444
10	0.015625	0.0197010869565217	0.935461956521739	0.0292119565217391
11	0.0900491865304578	0.52099886492622	0.144532727960651	0.244419220582671
12	0.393194706994329	0.0434782608695652	0.473850031505986	0.0894770006301197
13	0.193899782135076	0.167755991285403	0.482933914306463	0.155410312273057
