Pos	A	C	G	T
1	0.25431747374899	0.154967498749952	0.376937574522097	0.213777452978961
2	0.209082246245852	0.0442611638681694	0.645220648637992	0.101435941247987
3	0.102261012988798	0.00436396123977733	0.489038554051268	0.404336471720157
4	0.118035563082134	0.000779000846740051	0.880541913632515	0.000643522438611346
5	0.0	0.000384245917387128	0.998962536023055	0.000653218059558117
6	0.000576634759543305	0.0	0.999423365240457	0.0
7	0.0231811697574893	0.713211895094919	0.000713266761768902	0.262893668385822
8	0.00157456123507047	0.0	0.99842543876493	0.0
9	0.00351839704216113	0.0141630389409029	0.207138171626215	0.775180392390721
10	0.0128435653737478	0.002458625371546	0.954020035961983	0.0306777732927232
11	0.0583144389758337	0.055024055742963	0.7188519604048	0.167809544876403
12	0.0387207150588317	0.463740791173493	0.0535246674347963	0.444013826332879
13	0.201661602369322	0.242355475210585	0.306088695719066	0.249894226701027
