Pos	A	C	G	T
1	0.282231831923769	0.0906968734453331	0.442501243733497	0.184570050897402
2	0.162731061010792	0.0164547494390426	0.767959539836877	0.0528546497132885
3	0.0615082201572552	0.0045746962115797	0.595032165832738	0.338884917798427
4	0.083986562150056	0.00139977603583427	0.914438689809631	0.000174972004479283
5	0.000572803299347004	0.000305495092985069	0.997861534349105	0.00126016725856341
6	0.0	0.0	1.0	0.0
7	0.0185554934376913	0.695657961291697	0.0	0.285786545270612
8	0.0	0.0	1.0	0.0
9	0.00512647347740668	0.056114931237721	0.136603634577603	0.802154960707269
10	0.00713282578165422	0.014561312735605	0.965740261660137	0.0125655998226033
11	0.0416165779380617	0.0247008987349018	0.747924895529223	0.185757627797813
12	0.0305219751171889	0.588904944841927	0.0484968103478659	0.332076269693018
13	0.22089552238806	0.213509376195943	0.37275162648297	0.192843474933027
