Pos	A	C	G	T
1	0.180805484147386	0.089974293059126	0.464438731790917	0.264781491002571
2	0.084789644012945	0.642071197411003	0.227831715210356	0.0453074433656958
3	0.217478318879253	0.066711140760507	0.397598398932622	0.318212141427618
4	0.244131455399061	0.175050301810865	0.0871898054996647	0.493628437290409
5	0.0883489784649365	0.52070679182772	0.157371617890668	0.233572611816676
6	0.0162337662337662	0.0300324675324675	0.9375	0.0162337662337662
7	0.0125661375661376	0.23478835978836	0.0251322751322751	0.727513227513228
8	0.0242272347535505	0.00417710944026733	0.967418546365915	0.00417710944026733
9	0.0	0.00373692077727952	0.838565022421525	0.157698056801196
10	0.00507185122569738	0.00507185122569738	0.989010989010989	0.00084530853761623
11	0.128241065171689	0.0028030833917309	0.741415557112824	0.127540294323756
12	0.0	0.00337837837837838	0.987331081081081	0.00929054054054054
13	0.0239669421487603	0.0	0.960330578512397	0.015702479338843
14	0.00880503144654088	0.118867924528302	0.223270440251572	0.649056603773585
15	0.299657534246575	0.277397260273973	0.336472602739726	0.086472602739726
