Pos	A	C	G	T
1	0.216082317073171	0.125381097560976	0.483231707317073	0.17530487804878
2	0.168276721720162	0.0719850420691804	0.649423496416329	0.110314739794328
3	0.105126541207008	0.0434782608695652	0.487021414665801	0.364373783257625
4	0.0839720093302233	0.0253248917027657	0.874375208263912	0.016327890703099
5	0.007097232079489	0.0237757274662881	0.931156848828957	0.0379701916252661
6	0.0195861049519586	0.0040650406504065	0.96969696969697	0.00665188470066519
7	0.0632518432285603	0.509119130772216	0.23127667830811	0.196352347691114
8	0.0310192023633678	0.0	0.968980797636632	0.0
9	0.0749948207996685	0.034389890200953	0.347006422208411	0.543608866790967
10	0.125251509054326	0.0553319919517103	0.659959758551308	0.159456740442656
11	0.135822401614531	0.121695257315843	0.529566094853683	0.212916246215943
12	0.110899390243902	0.344893292682927	0.253810975609756	0.290396341463415
