Pos	A	C	G	T
1	0.246732026143791	0.0163398692810458	0.287581699346405	0.449346405228758
2	0.183992029226171	0.406509465293922	0.194951843241448	0.214546662238459
3	0.0375657400450789	0.0	0.919609316303531	0.0428249436513899
4	0.0	0.00798084596967279	0.976855546687949	0.0151636073423783
5	0.0	0.0	0.240196078431373	0.759803921568627
6	0.0	0.0	0.997555012224939	0.00244498777506112
7	0.0	0.00244498777506112	0.997555012224939	0.0
8	0.00619674670797831	0.0	0.04570100697134	0.948102246320682
9	0.0	0.994313566206336	0.00568643379366369	0.0
10	0.0	0.0525974025974026	0.794805194805195	0.152597402597403
11	0.202429149797571	0.451012145748988	0.0	0.346558704453441
