Pos	A	C	G	T
1	0.330130404941661	0.29512697323267	0.192862045298559	0.181880576527111
2	0.24726200505476	0.366891322662174	0.196293176074136	0.18955349620893
3	0.0165234633179114	0.0125578321216127	0.963648380700595	0.00727032385988103
4	0.01417004048583	0.00202429149797571	0.983805668016194	0.0
5	0.00678886625933469	0.0	0.989816700610998	0.00339443312966735
6	0.00460223537146614	0.00591715976331361	0.0309007232084155	0.958579881656805
7	0.0582990397805213	0.272976680384088	0.217421124828532	0.451303155006859
8	0.0119647355163728	0.918136020151133	0.0396725440806045	0.0302267002518892
9	0.102198455139632	0.0213903743315508	0.866310160427808	0.0101010101010101
10	0.9	0.0	0.0685185185185185	0.0314814814814815
11	0.158319870759289	0.119547657512116	0.626817447495961	0.0953150242326333
12	0.209876543209877	0.209190672153635	0.267489711934156	0.313443072702332
