Pos	A	C	G	T
1	0.423819237407814	0.0641769967048486	0.222030440922642	0.289973324964695
2	0.223658499924846	0.021644370960469	0.714113933563806	0.0405831955508793
3	0.0374885705577568	0.00563852483998781	0.431880524230418	0.524992380371838
4	0.0605923239649441	0.00120882441825325	0.938198851616803	0.0
5	0.0	0.0	1.0	0.0
6	0.0	0.0	1.0	0.0
7	0.0611828687967369	0.802991162474507	0.012780421481985	0.123045547246771
8	0.00327971263470248	0.0	0.994533812275496	0.00218647508980166
9	0.0042042042042042	0.0106906906906907	0.33993993993994	0.645165165165165
10	0.133457894034432	0.00987588415854798	0.847190711330575	0.00947551047644468
11	0.0161865161865162	0.0103950103950104	0.919364419364419	0.0540540540540541
12	0.0155318263763694	0.779503536264041	0.0162252114824574	0.188739425877132
13	0.0345549738219895	0.428571428571429	0.0243829468960359	0.512490650710546
14	0.352574565959341	0.0276005342038878	0.0517880991244992	0.568036800712272
15	0.439284593661751	0.167869469720741	0.222936931283339	0.16990900533417
