Pos	A	C	G	T
1	0.204667863554758	0.129263913824057	0.556552962298025	0.10951526032316
2	0.0620689655172414	0.128275862068966	0.0413793103448276	0.768275862068965
3	0.504317789291883	0.0379965457685665	0.457685664939551	0.0
4	0.134104046242775	0.13757225433526	0.64393063583815	0.084393063583815
5	0.0429553264604811	0.0	0.957044673539519	0.0
6	0.0117056856187291	0.931438127090301	0.0568561872909699	0.0
7	0.0851063829787234	0.65839243498818	0.219858156028369	0.0366430260047281
8	0.133645955451348	0.0973036342321219	0.116060961313013	0.652989449003517
9	0.509140767824497	0.076782449725777	0.318098720292505	0.0959780621572212
10	0.149012567324955	0.242369838420108	0.40394973070018	0.204667863554758
