Pos	A	C	G	T
1	0.109852774631937	0.223103057757644	0.447338618346546	0.219705549263873
2	0.224284609435422	0.094354215003867	0.105181747873163	0.576179427687548
3	0.12914798206278	0.0672645739910314	0.0762331838565022	0.727354260089686
4	0.00765027322404372	0.0415300546448087	0.0	0.950819672131147
5	0.18	0.0	0.82	0.0
6	0.012263099219621	0.00222965440356745	0.0	0.985507246376812
7	0.0484913793103448	0.0021551724137931	0.0	0.949353448275862
8	0.0	0.00428724544480171	0.0610932475884244	0.934619506966774
9	0.865102639296188	0.0	0.134897360703812	0.0
10	0.0298210735586481	0.878727634194831	0.00894632206759443	0.0825049701789264
11	0.335526315789474	0.0756578947368421	0.0	0.588815789473684
12	0.0334261838440111	0.183844011142061	0.0074280408542247	0.775301764159703
13	0.832521908471276	0.0068159688412853	0.0068159688412853	0.153846153846154
14	0.496373056994819	0.0186528497409326	0.420725388601036	0.0642487046632124
15	0.0688679245283019	0.411320754716981	0.319811320754717	0.2
16	0.246885617214043	0.165345413363533	0.46885617214043	0.118912797281993
