Pos	A	C	G	T
1	0.285714285714286	0.190909090909091	0.32987012987013	0.193506493506494
2	0.0	0.0581395348837209	0.0476744186046512	0.894186046511628
3	0.0856123662306778	0.0	0.914387633769322	0.0
4	0.104147465437788	0.143778801843318	0.0433179723502304	0.708755760368664
5	0.00840336134453781	0.0	0.345378151260504	0.646218487394958
6	0.0246132208157525	0.020393811533052	0.414205344585091	0.540787623066104
7	0.684163701067616	0.0685053380782918	0.198398576512456	0.048932384341637
8	0.0	0.838604143947655	0.0523446019629226	0.109051254089422
9	0.15819209039548	0.190207156308851	0.565913370998117	0.0856873822975518
10	0.109232769830949	0.328998699609883	0.18075422626788	0.381014304291287
