Pos	A	C	G	T
1	0.341317365269461	0.0958083832335329	0.293728332808068	0.269145918688938
2	0.168927565907346	0.0447914000511902	0.142820578448938	0.643460455592526
3	0.00341827221876942	0.00994406463642014	0.000310752019888129	0.986326911124922
4	0.00532748354747728	0.0	0.994672516452523	0.0
5	0.0	0.0	0.00407907122685911	0.995920928773141
6	0.013089802130898	0.0	0.0207001522070015	0.9662100456621
7	0.0	0.0	0.111919418019026	0.888080581980974
8	0.486191198786039	0.00151745068285281	0.477086494688923	0.0352048558421851
9	0.00302325581395349	0.243255813953488	0.0155813953488372	0.738139534883721
10	0.124387855044074	0.0291380999020568	0.0692948090107738	0.777179236043095
11	0.0	0.0465605286872935	0.0	0.953439471312707
12	0.8811771238201	0.0	0.000832870627429206	0.117990005552471
13	0.431055521659549	0.0125076266015863	0.537217815741306	0.0192190359975595
14	0.0339816677844847	0.256427453610552	0.41090990386765	0.298680974737313
15	0.129804662885948	0.195967233774417	0.559861373660996	0.114366729678639
