Pos	A	C	G	T
1	0.295236572890026	0.104859335038363	0.345428388746803	0.254475703324808
2	0.00288582183186951	0.198494353826851	0.0136762860727729	0.784943538268507
3	0.10756062767475	0.0	0.89243937232525	0.0
4	0.00916346438072716	0.0407921962754951	0.0254212237658883	0.924623115577889
5	0.0286847014925373	0.013759328358209	0.228078358208955	0.729477611940298
6	0.0161822304679448	0.00834879406307978	0.330653473510616	0.644815501958359
7	0.637002341920375	0.0	0.334996436208125	0.0280012218714998
8	0.0	0.850007952918721	0.00493080960712582	0.145061237474153
9	0.119407590249923	0.0348657821659982	0.845726627584079	0.0
10	0.0510172467210575	0.240627904575028	0.0622740886089022	0.646080760095012
11	0.262585903787758	0.108997922326994	0.215758350647275	0.412657823237973
