Pos	A	C	G	T
1	0.14230471771075	0.385150812064965	0.22815158546017	0.244392884764114
2	0.0781049935979513	0.0256081946222791	0.827144686299616	0.0691421254801537
3	0.0	0.0128690386071158	0.00908402725208176	0.978046934140802
4	0.0137299771167048	0.0	0.985507246376812	0.0007627765064836
5	0.0244444444444444	0.0185185185185185	0.0	0.957037037037037
6	0.0314606741573034	0.0	0.967790262172285	0.000749063670411985
7	0.0153846153846154	0.0	0.946520146520146	0.0380952380952381
8	0.015625	0.0047554347826087	0.877717391304348	0.101902173913043
9	0.0321257689678742	0.0416951469583049	0.883116883116883	0.0430622009569378
10	0.573457612072792	0.085219707057257	0.169107856191744	0.172214824678207
11	0.392414860681115	0.115325077399381	0.203560371517028	0.288699690402477
