Pos	A	C	G	T
1	0.0892687559354226	0.395061728395062	0.0769230769230769	0.438746438746439
2	0.204351939451277	0.00473036896877956	0.011352885525071	0.779564806054872
3	0.669138090824838	0.025949953660797	0.284522706209453	0.020389249304912
4	0.391627906976744	0.027906976744186	0.0409302325581395	0.53953488372093
5	0.0262919310970082	0.00725294650951949	0.946509519492294	0.0199456029011786
6	0.0027002700270027	0.180918091809181	0.0027002700270027	0.813681368136814
7	0.754948162111216	0.23751178133836	0.00188501413760603	0.0056550424128181
8	0.991541353383459	0.00281954887218045	0.0056390977443609	0.0
9	0.992445703493862	0.00755429650613787	0.0	0.0
10	0.0	0.0591928251121076	0.00269058295964126	0.938116591928251
11	0.975925925925926	0.0	0.0203703703703704	0.0037037037037037
12	0.0456204379562044	0.0	0.0	0.954379562043796
13	0.00837988826815642	0.00186219739292365	0.0121042830540037	0.977653631284916
14	0.0056710775047259	0.0	0.122873345935728	0.871455576559546
15	0.316934720908231	0.00567644276253548	0.677388836329234	0.0
16	0.0423183072677093	0.685372585096596	0.00275988960441582	0.269549218031279
17	0.370018975332068	0.0977229601518027	0.0664136622390892	0.46584440227704
18	0.0352831940575673	0.268337975858867	0.0176415970287837	0.678737233054782
19	0.761633428300095	0.0104463437796771	0.0056980056980057	0.222222222222222
20	0.421652421652422	0.0883190883190883	0.366571699905033	0.123456790123457
