Pos	A	C	G	T
1	0.152582159624413	0.356807511737089	0.0727699530516432	0.417840375586854
2	0.0	0.210720887245841	0.0	0.789279112754159
3	0.374707259953162	0.0	0.625292740046838	0.0
4	0.221288515406162	0.0966386554621849	0.0840336134453782	0.598039215686274
5	0.0023094688221709	0.0	0.0115473441108545	0.986143187066975
6	0.046875	0.0	0.0	0.953125
7	0.673501577287066	0.0678233438485804	0.203470031545741	0.055205047318612
8	0.0	0.629793510324484	0.146017699115044	0.224188790560472
9	0.361165048543689	0.0485436893203883	0.467961165048544	0.122330097087379
10	0.445255474452555	0.138686131386861	0.0821167883211679	0.333941605839416
11	0.166276346604215	0.285714285714286	0.26463700234192	0.283372365339578
