Pos	A	C	G	T
1	0.291011750343354	0.121013276361972	0.312528612849077	0.275446360445597
2	0.181612233339626	0.0615442703417029	0.138285822163489	0.618557674155182
3	0.00135787567893784	0.000754375377187689	0.0092033796016898	0.988684369342185
4	0.00817314968972302	0.0	0.0	0.991826850310277
5	0.0856665273715002	0.0	0.00153224683103496	0.912801225797465
6	0.96594929245283	0.00132665094339623	0.0325766509433962	0.000147405660377358
7	0.0	0.979961118588306	0.000149543891132047	0.0198893375205623
8	0.00318037255792821	0.0	0.992427684385885	0.00439194305618658
9	0.952470930232558	0.0148255813953488	0.0207848837209302	0.0119186046511628
10	0.0030281007751938	0.121002906976744	0.793725775193798	0.0822432170542636
11	0.161300167862048	0.425911796123913	0.259423164962613	0.153364871051427
