Pos	A	C	G	T
1	0.294964028776978	0.108885864281548	0.330935251798561	0.265214855142913
2	0.20101842870999	0.0489815712900097	0.126576139670223	0.623423860329777
3	0.00477646159724876	0.00248376003056935	0.0103171570500573	0.982422621322125
4	0.0077175381053444	0.00019293845263361	0.0	0.992089523442022
5	0.110613370089593	0.00344589937973811	0.0	0.885940730530668
6	0.997284716834756	0.0	0.00271528316524438	0.0
7	0.000342876735813475	0.881536087776444	0.0	0.118121035487742
8	0.0617572920417717	0.0	0.925819229384228	0.0124234785740007
9	0.968726450640543	0.00866616428033157	0.0126224566691786	0.00998492840994725
10	0.00464866797782943	0.0366529590559628	0.919363490076882	0.0393348828893259
11	0.239548901419405	0.367100913863504	0.257631732451876	0.135718452265215
