Pos	A	C	G	T
1	0.27018354511616	0.125572241475206	0.341376802293244	0.26286741111539
2	0.195220119497013	0.0571985700357491	0.16329591760206	0.584285392865178
3	0.00503043625295908	0.0	0.00697497463645587	0.987994589110585
4	0.00409067666609852	0.0	0.0	0.995909323333901
5	0.0902273168836215	0.00159316106469788	0.0	0.908179522051681
6	0.978276338370098	0.00548323636515843	0.016240425264744	0.0
7	4.15213419697725e-05	0.970436804517522	0.0	0.0295216741405082
8	0.012564826917401	0.000463802335877219	0.985453472192942	0.00151789855377999
9	0.960111736433472	0.00879102822166537	0.013925974612825	0.017171260732038
10	0.000195090229231019	0.132921476182735	0.759941472931231	0.106941960656804
11	0.175330509562315	0.402815214135969	0.246395413511316	0.175458862790399
