Pos	A	C	G	T
1	0.358360031573571	0.215118168732878	0.232205042485026	0.194316757208525
2	0.159259448677952	0.550733902725924	0.217102234951158	0.072904413644965
3	0.00421122166714834	0.889187069072293	0.000165145947731308	0.106436563312828
4	0.963581047827838	0.0060399982103709	0.0	0.0303789539617914
5	0.0159773578015156	0.983155299917831	0.000867342280653702	0.0
6	0.0	0.000788058594474319	0.000834414982384573	0.998377526423141
7	0.0	0.0860598345003183	0.0	0.913940165499682
8	0.77843640438067	0.0737340513969711	0.0473849712654064	0.100444572956952
9	0.403760709398024	0.176937065296864	0.232879023640352	0.186423201664761
10	0.165954680534918	0.393434249628529	0.243824294205052	0.196786775631501
