Pos	A	C	G	T
1	0.0369555922057296	0.188015393073117	0.0263270417201148	0.748701973001038
2	0.00631462625305865	0.0202857368379509	0.967479674796748	0.00591996211224248
3	0.858814461883408	0.00875840807174888	0.0606081838565022	0.0718189461883408
4	0.00137841563285494	0.993837671288413	0.00186491526798022	0.00291899781075164
5	0.960429399780599	0.00054850336937784	0.0372982291176931	0.00172386773233036
6	0.00783225911723913	0.266459982051073	0.603899812352125	0.121807946479563
7	0.122144255874674	0.60329634464752	0.269255874673629	0.00530352480417755
8	0.00164024056861673	0.0402249472779817	0.000781066937436538	0.957353745215965
9	0.00355871886120996	0.00307343901649951	0.99134584276933	0.00202199935296021
10	0.0669964664310954	0.054982332155477	0.0118021201413428	0.866219081272085
11	0.00616065081747097	0.968090988073612	0.0206934681304794	0.00505489297843772
12	0.758383863383245	0.0241306768964237	0.180732582601163	0.0367528771191684
