Pos	A	C	G	T
1	0.26715983507155	0.108294930875576	0.437545476594713	0.186999757458162
2	0.178264060310895	0.0735205817599573	0.198078590966709	0.550136766962439
3	0.0	0.000847149945540361	0.0012102142079148	0.997942635846545
4	0.00145313635262775	0.0	0.0	0.998546863647372
5	0.082656580264768	0.0	0.0	0.917343419735232
6	0.996495468277946	0.00302114803625378	0.000483383685800604	0.0
7	0.0	0.899040558220672	0.00119930222416049	0.0997601395551679
8	0.046189111747851	0.00378223495702006	0.945100286532951	0.00492836676217765
9	0.993135011441648	0.000722630374563411	0.00602191978802842	0.000120438395760568
10	0.00145772594752187	0.0470957613814757	0.924646781789639	0.0267997308813635
11	0.152922629153529	0.335677904438516	0.382245937424206	0.12915352898375
