Pos	A	C	G	T
1	0.562417174662073	0.16260270341903	0.1309302941956	0.144049827723297
2	0.13123882854393	0.518802419909253	0.195208304688574	0.154750446858243
3	0.0166480308112809	0.937569884457697	0.0457820847310225	0.0
4	0.999933748509341	0.0	6.62514906585398e-05	0.0
5	0.26250561869903	0.706671803762923	0.00520130995954537	0.0256212675785013
6	0.0	0.0	0.0	1.0
7	0.00858970453853183	0.0719463904964971	0.0	0.919463904964971
8	0.860981175128351	0.0	0.0535082715345123	0.0855105533371363
9	0.75318129647188	0.0344827586206897	0.0670193123409352	0.145316632566495
10	0.17418670907043	0.435566156496389	0.161465580070231	0.22878155436295
