Pos	A	C	G	T
1	0.104477611940299	0.0328358208955224	0.026865671641791	0.835820895522388
2	0.758807588075881	0.178861788617886	0.046070460704607	0.016260162601626
3	0.790960451977401	0.0988700564971751	0.0706214689265537	0.0395480225988701
4	0.13	0.09	0.08	0.7
5	0.0956848030018762	0.0131332082551595	0.365853658536585	0.525328330206379
6	0.589285714285714	0.0928571428571429	0.0678571428571429	0.25
7	0.218637992831541	0.290322580645161	0.232974910394265	0.258064516129032
8	0.253571428571429	0.328571428571429	0.264285714285714	0.153571428571429
9	0.264285714285714	0.278571428571429	0.239285714285714	0.217857142857143
10	0.2	0.278571428571429	0.303571428571429	0.217857142857143
11	0.214285714285714	0.271428571428571	0.2	0.314285714285714
12	0.185714285714286	0.0892857142857143	0.0928571428571429	0.632142857142857
13	0.504504504504504	0.405405405405405	0.0414414414414414	0.0486486486486487
14	0.626398210290828	0.0402684563758389	0.131991051454139	0.201342281879195
15	0.0172413793103448	0.10632183908046	0.0718390804597701	0.804597701149425
16	0.0574162679425837	0.0	0.272727272727273	0.669856459330144
17	0.717948717948718	0.0333333333333333	0.0871794871794872	0.161538461538462
