Pos	A	C	G	T
1	0.209081667231447	0.225234383824692	0.249519936744606	0.316164012199254
2	0.16294776438403	0.351372146704283	0.0801915020945542	0.405488586817133
3	0.602326847190094	0.0	0.35249693835896	0.0451762144509457
4	0.754152823920266	0.0	0.150012777919755	0.0958343981599796
5	0.0	1.0	0.0	0.0
6	0.0	0.57212244436914	0.42787755563086	0.0
7	0.0	0.0	1.0	0.0
8	0.0860051374750262	0.0717343735134621	0.0	0.842260489011512
9	0.00582862113962592	0.224010439321444	0.0	0.77016093953893
10	0.620262033209557	0.101520353114272	0.044349471029216	0.233868142646956
11	0.402801310290297	0.263413532135999	0.140404382695132	0.193380774878572
