Pos	A	C	G	T
1	0.0965001698946653	0.885151206252124	0.00373768263676521	0.0146109412164458
2	0.0	0.894881484026108	0.00343524562006183	0.10168327035383
3	0.548971446116058	0.116364752840037	0.0838194657660424	0.250844335277863
4	0.477317554240631	0.0535831689677844	0.0904010519395135	0.378698224852071
5	0.776916194452729	0.0	0.0	0.223083805547271
6	0.20522955305564	0.00273639404074187	0.0	0.792034052903618
7	0.379725085910653	0.0553264604810997	0.0494845360824742	0.515463917525773
8	0.21405648267009	0.0731707317073171	0.0908215661103979	0.621951219512195
9	0.503422053231939	0.00684410646387833	0.487072243346008	0.0026615969581749
10	0.00286327845382963	0.000715819613457409	0.932355046528275	0.0640658554044381
