Pos	A	C	G	T
1	0.0257136967948057	0.730856436153767	0.164948984850046	0.078480882201381
2	0.0729467331409079	0.014746785620572	0.0	0.91230648123852
3	0.00159981716375271	0.00411381556393555	0.00102845389098389	0.993257913381328
4	0.00412465627864345	0.0	0.0	0.995875343721357
5	0.0019657951641439	0.123009632396304	0.854334578336937	0.0206899941026145
6	0.986158384388473	0.0	0.0	0.0138416156115271
7	0.183696468820436	0.0	0.0	0.816303531179564
8	0.0189154401477419	0.488163859197493	0.484750125916391	0.00817057473837372
9	0.10330164079111	0.17458980222249	0.0247121595057568	0.697396397480644
