Pos	A	C	G	T
1	0.0208754208754209	0.742491582491583	0.175555555555556	0.0610774410774411
2	0.0702659253801326	0.0165449795699645	0.0	0.913189095049903
3	0.00492825047108277	0.00268154805044209	0.00434845629801421	0.988041745180461
4	0.00525355709595038	0.0	0.0	0.99474644290405
5	0.000130497194310322	0.10139631997912	0.889534125016312	0.00893905781025708
6	0.993803761481265	0.0	0.0	0.00619623851873451
7	0.160632926979436	0.0	0.0	0.839367073020564
8	0.00877320185614849	0.420823665893271	0.567647911832947	0.00275522041763341
9	0.0877893487292937	0.148437921545352	0.0281659742081692	0.735606755517186
