Pos	A	C	G	T
1	0.0995497748874437	0.60680340170085	0.213606803401701	0.080040020010005
2	0.177734375	0.115625	0.065625	0.641015625
3	0.0445623342175066	0.00371352785145889	0.0811671087533156	0.870557029177719
4	0.0	0.0	0.0	1.0
5	0.0147275405007364	0.179675994108984	0.80559646539028	0.0
6	1.0	0.0	0.0	0.0
7	0.118018967334036	0.0173867228661749	0.0	0.864594309799789
8	0.0126353790613718	0.331528279181709	0.655836341756919	0.0
9	0.161025303976339	0.189615511008873	0.110088728228722	0.539270456786066
