Pos	A	C	G	T
1	0.973733583489681	0.0	0.0	0.026266416510319
2	0.0	0.932893948472139	0.00838825644098262	0.0587177950868784
3	0.999358151476252	0.0	0.0	0.000641848523748395
4	0.900520532099479	0.0427993059572007	0.0566801619433198	0.0
5	0.178470254957507	0.0311614730878187	0.0552407932011331	0.735127478753541
6	0.287548138639281	0.0994865211810013	0.541078305519897	0.0718870346598203
7	0.226863753213368	0.237789203084833	0.450514138817481	0.0848329048843188
8	0.253692999357739	0.266538214515093	0.288375080282595	0.191393705844573
9	0.187540141297367	0.28965960179833	0.265253692999358	0.257546563904945
10	0.0885750962772786	0.457637997432606	0.232991014120668	0.220795892169448
11	0.0738599871547848	0.542710340398202	0.0989081567116249	0.284521515735389
12	0.738614800759013	0.0550284629981025	0.0308349146110057	0.175521821631879
13	0.000578703703703704	0.0619212962962963	0.0364583333333333	0.901041666666667
14	0.000641848523748395	0.0	0.0	0.999358151476252
15	0.0581534772182254	0.00839328537170264	0.933453237410072	0.0
16	0.0244207889793363	0.000626174076393237	0.0	0.97495303694427
