Pos	A	C	G	T
1	0.448473282442748	0.0286259541984733	0.0629770992366412	0.459923664122137
2	0.0263157894736842	0.921052631578947	0.0056390977443609	0.0469924812030075
3	0.623355263157895	0.120065789473684	0.0641447368421053	0.192434210526316
4	0.0293685756240822	0.116005873715125	0.646108663729809	0.208516886930984
5	0.0	1.0	0.0	0.0
6	0.0	0.0392927308447937	0.960707269155206	0.0
7	0.0334645669291339	0.328740157480315	0.0905511811023622	0.547244094488189
8	0.0140562248995984	0.985943775100402	0.0	0.0
9	0.0691699604743083	0.5	0.0177865612648221	0.41304347826087
10	0.0	0.945631067961165	0.0446601941747573	0.00970873786407767
11	0.0	0.0200400801603206	0.979959919839679	0.0
12	0.716108452950558	0.0	0.0127591706539075	0.271132376395534
13	0.0397923875432526	0.0640138408304498	0.0501730103806228	0.846020761245675
14	0.0534069981583794	0.0184162062615101	0.900552486187845	0.0276243093922652
15	0.195933456561922	0.105360443622921	0.0147874306839187	0.683918669131238
