Pos	A	C	G	T
1	0.0135508849557522	0.00857300884955752	0.0229535398230089	0.954922566371681
2	0.0131391031133962	0.0	0.986289631533848	0.000571265352756355
3	0.987135506003431	0.00886220697541452	0.00400228702115495	0.0
4	0.875715922107675	0.00429553264604811	0.00687285223367698	0.1131156930126
5	0.0384921688346164	0.916644544730555	0.00769843376692328	0.0371648526679055
6	0.384013900955691	0.112366058499855	0.377353026353895	0.126267014190559
7	0.340283811178685	0.172603533159571	0.150883289892847	0.336229365768897
8	0.153200115841297	0.381117868520127	0.110628439038517	0.355053576600058
9	0.0413774693005873	0.00827549386011746	0.921783235451148	0.0285638013881474
10	0.0928694652098907	0.00373778033352501	0.00345025876940771	0.899942495687177
11	0.00791183950268437	0.00678157671658661	0.00960723368183103	0.975699350098898
12	0.0	0.987700228832952	0.00143020594965675	0.0108695652173913
13	0.955186721991701	0.0273858921161826	0.00608575380359613	0.0113416320885201
