Pos	A	C	G	T
1	0.0822530464091263	0.48262898625875	0.181747472128597	0.253370495203526
2	0.0412901606425703	0.414658634538153	0.0107931726907631	0.533258032128514
3	0.000387496770860243	0.00303539137173857	0.000645827951433738	0.995931283905967
4	0.000129626028906604	0.000129626028906604	0.999546308898827	0.000194439043359907
5	6.28733102797862e-05	0.922791574976423	6.28733102797862e-05	0.0770826784030179
6	0.00155329752119604	0.00025888292019934	0.997864215908356	0.000323603650249175
7	6.4532782653588e-05	0.00206504904491482	0.995353639648942	0.00251677852348993
8	0.001547089537807	0.00109585508927996	0.00296525494746342	0.99439180042545
9	0.000907441016333938	0.000388903292714545	0.0	0.998703655690952
10	0.0698774875218772	0.00836196279250664	0.00123160692292734	0.920528942762689
11	0.0373347161005963	0.0743453461239305	0.00291677469535909	0.885403163080114
12	0.000518101159251344	0.00349718282494657	6.4762644906418e-05	0.995919953370896
13	6.48172154524242e-05	6.48172154524242e-05	0.999805548353643	6.48172154524242e-05
14	6.39386189258312e-05	0.946739130434783	0.000127877237851662	0.0530690537084399
15	0.000129634430904848	0.0	0.99974073113819	0.000129634430904848
16	0.000129642833992351	0.000194464250988527	0.999611071498023	6.48214169961755e-05
17	0.0	6.48214169961755e-05	0.000259285667984702	0.999675892915019
18	0.00331913827655311	0.0658191382765531	0.00269288577154309	0.928168837675351
19	0.375958917136879	0.00646674697267482	0.0219996196031193	0.595574716287326
20	0.287205081669691	0.0795307233601245	0.613041223749028	0.0202229712211563
