Pos	A	C	G	T
1	0.111731843575419	0.581005586592179	0.290502793296089	0.0167597765363128
2	0.0473684210526316	0.447368421052632	0.0105263157894737	0.494736842105263
3	0.817351598173516	0.0	0.182648401826484	0.0
4	0.0	0.182648401826484	0.0	0.817351598173516
5	0.0	0.225108225108225	0.0	0.774891774891775
6	0.0	0.0	1.0	0.0
7	0.0	0.0	0.0376344086021505	0.962365591397849
8	0.163366336633663	0.178217821782178	0.215346534653465	0.443069306930693
9	0.222811671087533	0.474801061007958	0.16710875331565	0.135278514588859
10	0.235087719298246	0.136842105263158	0.207017543859649	0.421052631578947
