Pos	A	C	G	T
1	0.109903	0.282484	0.221963	0.38565
2	0.219734	0.257877	0.049385	0.473003
3	0.044915	0.793551	0.015771	0.145763
4	8.3e-05	7.8e-05	7.8e-05	0.99976
5	8.3e-05	7.8e-05	7.8e-05	0.99976
6	0.99976	7.8e-05	7.8e-05	8.3e-05
7	0.99976	7.8e-05	7.8e-05	8.3e-05
8	0.997519	7.8e-05	0.00232	8.3e-05
9	8.3e-05	7.8e-05	0.999755	8.3e-05
10	0.074044	0.071798	0.721836	0.132323
11	0.105428	0.109898	0.672525	0.112148
12	0.567186	0.264557	0.168174	8.3e-05
13	0.074098	0.768847	0.00232	0.154735
14	0.885454	0.107661	0.004561	0.002325
15	0.056114	0.217539	0.659027	0.06732
16	0.237725	0.239893	0.237652	0.28473
17	0.264555	0.26236	0.342997	0.130089
18	0.284788	0.412475	0.109902	0.192836
19	0.210766	0.50666	0.143531	0.139043
