Pos	A	C	G	T
1	0.96777344	0.00992584	0.0001	0.0222168
2	0.96777344	0.0001	0.01937866	0.01275635
3	0.01403809	0.01087189	0.04754639	0.92773438
4	0.0001	0.9921875	0.0001	0.00823975
5	0.55371094	0.27709961	0.0001	0.16870117
6	0.25610352	0.081604	0.47558594	0.18676758
7	0.05755615	0.0001	0.94287109	0.00046039
8	0.00243759	0.0001	0.99804688	0.0001
9	0.69873047	0.12072754	0.06890869	0.11151123
10	0.53466797	0.0001	0.45996094	0.00528336
11	0.02841187	0.0001	0.93847656	0.0329895
12	0.21520996	0.09844971	0.671875	0.01410675
13	0.0001	1.0	0.0001	0.0001
14	0.15222168	0.00247574	0.00082493	0.84472656
15	0.00066471	0.04885864	0.26928711	0.68066406
16	0.0001	0.99023438	0.0001	0.01015472
17	0.19970703	0.72509766	0.03753662	0.03790283
18	0.00040483	0.17004395	0.00040483	0.82910156
19	0.02337646	0.0001	0.97705078	0.0001
20	0.01287079	0.01699829	0.94140625	0.02987671
21	0.92773438	0.0001	0.0001	0.07244873
22	0.19995117	0.0001	0.79980469	0.0001
23	0.0001	0.0001	1.0	0.0001
24	0.90625	0.090271	0.0001	0.00309753
25	0.23962402	0.0001	0.76074219	0.0001
26	0.00243759	0.0001	0.99804688	0.0001
