Pos	A	C	G	T
1	0.160256	0.401709	0.290598	0.147436
2	0.160256	0.433761	0.226496	0.179487
3	0.220085	0.429487	0.153846	0.196581
4	0.190171	0.444444	0.202991	0.162393
5	0.143162	0.397436	0.183761	0.275641
6	0.061966	0.463675	0.241453	0.232906
7	0.534188	0.066239	0.215812	0.183761
8	0.267094	0.00641	0.726496	0.0
9	0.0	0.0	1.0	0.0
10	0.0	0.0	1.0	0.0
11	0.0	0.0	1.0	0.0
12	0.0	1.0	0.0	0.0
13	0.0	1.0	0.0	0.0
14	0.871795	0.128205	0.0	0.0
15	0.044872	0.955128	0.0	0.0
16	0.752137	0.027778	0.089744	0.130342
