Pos	A	C	G	T
1	0.1577889447236181	0.024120603015075383	0.2733668341708543	0.5447236180904522
2	0.15979899497487435	0.0010050251256281408	0.8371859296482412	0.0020100502512562816
3	0.06331658291457286	0.7969849246231155	0.06130653266331658	0.07839195979899496
4	0.9979899497487437	0.0	0.0	0.0020100502512562816
5	0.0020100502512562816	0.0	0.9979899497487437	0.0
6	0.057286432160804014	0.0010050251256281408	0.9407035175879397	0.0010050251256281408
7	0.005025125628140703	0.004020100502512563	0.985929648241206	0.005025125628140703
8	0.049246231155778884	0.01708542713567839	0.9206030150753769	0.013065326633165827
9	0.12261306532663316	0.005025125628140703	0.04321608040201004	0.8291457286432161
10	0.009045226130653264	0.0	0.9909547738693467	0.0
11	0.7276381909547739	0.0693467336683417	0.11457286432160803	0.08844221105527637
12	0.20804020100502513	0.010050251256281405	0.771859296482412	0.010050251256281405
13	0.03919597989949749	0.010050251256281407	0.6693467336683417	0.2814070351758794
14	0.214070351758794	0.34673366834170855	0.31256281407035175	0.12663316582914572
15	0.33165829145728637	0.1015075376884422	0.41708542713567837	0.14974874371859292
16	0.2271356783919598	0.1688442211055276	0.4824120603015075	0.121608040201005
17	0.14271356783919598	0.15276381909547737	0.5567839195979899	0.14773869346733667
18	0.321608040201005	0.13266331658291455	0.4743718592964824	0.07135678391959797
19	0.2944723618090452	0.15075376884422106	0.4020100502512563	0.15276381909547737
20	0.19095477386934676	0.09949748743718592	0.6351758793969848	0.0743718592964824
21	0.21306532663316582	0.18391959798994975	0.4834170854271357	0.11959798994974873
