Pos	A	C	G	T
1	0.2598634842892923	0.2265185375289206	0.2765657558924105	0.2370522222893766
2	0.2911698175700907	0.2228346398648467	0.2682468376614301	0.2177487049036325
3	0.2886449944753676	0.2410940225770828	0.2414351183965782	0.2288258645509715
4	0.2696890916246466	0.255214379526685	0.2170173267618116	0.2580792020868568
5	0.3229747804940052	0.2027731824041989	0.2294871457296323	0.2447648913721635
6	0.358758321828328	0.1317461926910704	0.3081276383488087	0.201367847131793
7	0.213939929423404	0.0541765650462803	0.5886267375639116	0.1432567679664041
8	0.2973920703638185	0.1751873288437843	0.2835423103335575	0.2438782904588398
9	0.0606509460075013	0.063530910546916	0.8015302013692926	0.0742879420762901
10	0.5564881172563096	0.147146833646489	0.0556480097873003	0.2407170393099012
11	0.0430634000544753	0.0609679129839489	0.8135219849979847	0.0824467019635911
12	0.8296560593744444	0.0492699824903832	0.0388480360443018	0.0822259220908707
13	0.8399408975558603	0.0652099422561475	0.0431837446612692	0.051665415526723
14	0.0284830311883863	0.2069038571438336	0.3747907377835201	0.38982237388426
15	0.1816497760248719	0.341179803869351	0.0860891264165723	0.3910812936892049
16	0.3281673848485172	0.090950379716199	0.2116164485762589	0.3692657868590249
17	0.3658496475970301	0.1219547037426793	0.3592590671059927	0.1529365815542977
18	0.2123010310325856	0.2701425963300299	0.3327128869398492	0.1848434856975354
19	0.2775422254935441	0.2134294051223962	0.2920939835562683	0.2169343858277914
