Pos	A	C	G	T
1	0.28759766	0.05865479	0.41259766	0.2409668
2	0.13952637	0.02703857	0.80273438	0.03134155
3	0.00852203	0.00710297	0.96972656	0.01515198
4	0.00710297	0.01184082	0.96972656	0.01184082
5	0.03057861	0.10552979	0.78271484	0.08105469
6	0.05050659	0.1484375	0.59130859	0.20983887
7	0.17089844	0.26879883	0.40454102	0.15625
8	0.29052734	0.37915039	0.14099121	0.1895752
9	0.29394531	0.28100586	0.13842773	0.28686523
10	0.21582031	0.24768066	0.11798096	0.41894531
11	0.24536133	0.17834473	0.12225342	0.4543457
12	0.62792969	0.04046631	0.14221191	0.18945312
13	0.45922852	0.00230217	0.53759766	0.00115108
14	0.04476929	0.0001	0.95507812	0.0001
15	0.00047445	0.0001	0.97167969	0.02845764
16	0.00821686	0.00048351	0.99023438	0.00096703
17	0.04824829	0.00923157	0.85888672	0.08349609
18	0.11175537	0.026474	0.66943359	0.19177246
19	0.16784668	0.07366943	0.16894531	0.58935547
20	0.06536865	0.12255859	0.16186523	0.65039062
21	0.1282959	0.41748047	0.04516602	0.40942383
22	0.19482422	0.12487793	0.52148438	0.15905762
23	0.05752563	0.62646484	0.07037354	0.24511719
24	0.01293182	0.0001	0.98095703	0.00622559
25	0.92236328	0.03918457	0.0076561	0.03018188
26	0.04660034	0.51464844	0.40820312	0.03077698
