Pos	A	C	G	T
1	0.2606754048592528	0.2584016142128508	0.2459526067073707	0.2349703742205257
2	0.2695228296031165	0.2315127364279389	0.232550242357116	0.2664141916118285
3	0.2648070381033737	0.2317982389241167	0.2087617162330063	0.2946330067395033
4	0.1700967895714687	0.3290494652208394	0.2511431573324189	0.249710587875273
5	0.1844173841774846	0.3439185696383517	0.257105478299747	0.2145585678844164
6	0.0646996766444816	0.7077623312780672	0.1567036552099056	0.0708343368675457
7	0.0542390519754012	0.0550011632929333	0.0918317151955375	0.7989280695361284
8	0.0245562809220663	0.0244209540417414	0.0188260625938243	0.932196702442368
9	0.0294816931729973	0.0615530543972459	0.0228219172355813	0.8861433351941757
10	0.0404326310440178	0.0869655407820909	0.8453463002784822	0.0272555278954091
11	0.9378265282283136	0.0153654490920534	0.0267590218596669	0.0200490008199661
12	0.2601600829249528	0.0584848429243959	0.0444375223376536	0.6369175518129977
13	0.0234824716777905	0.5231208787348633	0.4402173141997163	0.0131793353876298
14	0.1202394279626914	0.1870087744537312	0.0924950576988294	0.6002567398847478
15	0.1805239304689005	0.2701017383907711	0.210468948760627	0.3389053823797014
16	0.2197400199001767	0.2643463330644397	0.2524166501103256	0.263496996925058
17	0.2357346272513868	0.2632850492110427	0.2560778483523535	0.244902475185217
18	0.22926309286529	0.2647961175241851	0.2587500306446198	0.2471907589659051
19	0.2305161205758502	0.2609426183820461	0.268837809962916	0.2397034510791877
20	0.2280431596470419	0.2731001696434256	0.2565391930874061	0.2423174776221264
