Pos	A	C	G	T
1	0.2537216828478964	0.2414239482200647	0.2608414239482201	0.2440129449838188
2	0.2593431483578709	0.1262740656851642	0.1500566251415628	0.464326160815402
3	0.0455687118765698	0.1216361679224973	0.0889845712235379	0.7438105489773951
4	0.4119370194068107	0.0527279384840718	0.0366166239472721	0.4987184181618455
5	0.0786394557823129	0.047891156462585	0.8348299319727891	0.0386394557823129
6	0.0055693880225396	0.976346481457214	0.0064211767789281	0.0116629537413183
7	0.1257315126795531	0.026777797481823	0.8398652243305551	0.0076254655080688
8	0.0888145670754366	0.6499442586399108	0.0319583797844667	0.2292827945001858
9	0.2323809523809524	0.3301587301587302	0.1911111111111111	0.2463492063492063
10	0.301150895140665	0.1969309462915601	0.2672634271099744	0.2346547314578005
11	0.2707535121328225	0.2132822477650064	0.2062579821200511	0.30970625798212
12	0.2922286448298009	0.2055234425176622	0.2376364804110469	0.26461143224149
