Pos	A	C	G	T
1	0.18829713891761	0.1565839365736	0.40916925198208	0.24594967252671
2	0.17618990814744	0.12024334963617	0.5663843492783	0.13718239293809
3	0.019102196752627	0.037058261700096	0.90697230181471	0.036867239732569
4	0.019615613235585	0.019417475728155	0.94075688527838	0.020210025757876
5	0.12892123119284	0.11102369947881	0.29314583538204	0.46690923394631
6	0.02969742248786	0.88681359731042	0.056032872618603	0.027456107583115
7	0.039661898569571	0.61742522756827	0.05110533159948	0.29180754226268
8	0.14885441867084	0.059911768891419	0.11555429059343	0.67567952184431
9	0.22872788542544	0.24094355518113	0.23399326032013	0.29633529907329
10	0.26183310533516	0.22126245847176	0.33515731874145	0.18174711745163
