Pos	A	C	G	T
1	0.2718834193420753	0.3045775096757263	0.2621394428970255	0.1613996280851728
2	0.3239294158642865	0.1673613916638707	0.2239324566971461	0.2847767357746966
3	0.3439158695239024	0.2703402941294973	0.250611928151754	0.1351319081948462
4	0.1030540755121715	0.4182138640272097	0.2803547897916925	0.1983772706689264
5	0.2274317060742914	0.2583223007417324	0.25187930945877	0.2623666837252062
6	0.2594696693221742	0.2316676769831119	0.2491645484306447	0.2596981052640693
7	0.1511926033516525	0.1995853418045971	0.3887696081694605	0.2604524466742897
8	0.0741916836987029	0.0516942067823615	0.3943871333344636	0.4797269761844719
9	0.5672979718198767	0.2225581868707852	0.0381933277347512	0.1719505135745867
10	0.0258977973268688	0.0202561195769415	0.9313712827634142	0.0224748003327755
11	0.0267352278141867	0.0205178800513213	0.0427725679885219	0.90997432414597
12	0.8819441901998066	0.0149719347792512	0.0326091615363376	0.0704747134846047
13	0.4164119624950786	0.1545199812133912	0.3489780761132019	0.0800899801783281
14	0.1884284209670541	0.3021614431196116	0.2608834747525882	0.2485266611607461
15	0.2016688420233855	0.1792858229947883	0.2103290474722968	0.4087162875095295
16	0.2761854126790582	0.204464777633589	0.2009146921629066	0.3184351175244463
17	0.2916313842863315	0.2856021849105339	0.2032302751184195	0.2195361556847153
