Pos	A	C	G	T
1	0.2275603085363377	0.3040056520008979	0.2695661749052727	0.1988678645574917
2	0.2406895659122356	0.3091579911592282	0.2533929591806823	0.1967594837478539
3	0.2411221719025151	0.2705910652290081	0.2681927171937719	0.220094045674705
4	0.2635042405574616	0.2158093712786142	0.2425382388602009	0.2781481493037232
5	0.2960223815029618	0.2104856207218728	0.2145414878972932	0.2789505098778722
6	0.3166309754505635	0.2161712670862828	0.1611594578576965	0.3060382996054573
7	0.3271217770073018	0.1039490560267307	0.2641909118811229	0.3047382550848446
8	0.2901843870795848	0.1830331654978207	0.1975209584534607	0.3292614889691338
9	0.3141480080647795	0.2299226536518904	0.2138325456011751	0.242096792682155
10	0.1890660547160286	0.0364843187073963	0.7330859394676592	0.0413636871089159
11	0.015872331532186	0.0175252430352004	0.933428124621773	0.0331743008108407
12	0.0140921935315283	0.0256751613968083	0.946513139598209	0.0137195054734542
13	0.0210652017247803	0.8518262136323992	0.0167177772693482	0.1103908073734723
14	0.2146379030406891	0.0607196085627155	0.4923287115495736	0.2323137768470218
15	0.1735525033083721	0.3168091346831993	0.1714207683125872	0.3382175936958415
16	0.336636851290362	0.2663877634930136	0.1716541361164725	0.2253212491001518
17	0.305125821591522	0.23144700451193	0.2591133230297436	0.2043138508668044
