Pos	A	C	G	T
1	0.2944565840722421	0.2258840874836383	0.2773102807138463	0.2023490477302731
2	0.2418480512860629	0.2326380233888108	0.2806272330423322	0.2448866922827941
3	0.2351646275597094	0.2304431982983829	0.2330988569844354	0.3012933171574723
4	0.2156864800451044	0.2739965296557532	0.2118260520562105	0.298490938242932
5	0.2262517169686728	0.3278128886473858	0.1984978995070721	0.2474374948768693
6	0.2904832446607031	0.277944172804867	0.2250539733082201	0.2065186092262098
7	0.2299255587002028	0.248601336037345	0.2330403519093371	0.2884327533531151
8	0.230255535371307	0.2914938922959596	0.1867421275223048	0.2915084448104287
9	0.277025594657867	0.1971177314126946	0.4146283207626276	0.1112283531668106
10	0.5019006174897456	0.0201351029774161	0.4426623982182155	0.0353018813146229
11	0.0320695553849368	0.0438274298519375	0.8614191820475771	0.0626838327155486
12	0.0449355573636091	0.0436879902451412	0.3616512840779577	0.549725168313292
13	0.1286924025951647	0.1208268749104921	0.1833817252125502	0.567098997281793
14	0.0541743746345476	0.6992595963504457	0.0983551081339124	0.1482109208810944
15	0.5795016603313076	0.0387330007958359	0.3319019701005144	0.0498633687723421
16	0.2267830360806699	0.2760157823825632	0.1783691466503604	0.3188320348864064
17	0.2433492080039799	0.257964256261288	0.2319371025990097	0.2667494331357224
18	0.2321699602337473	0.2436517359986825	0.2938343996150368	0.2303439041525333
19	0.2883638431103631	0.21961105334517	0.2664320447895046	0.2255930587549623
20	0.2407657384267583	0.2130153140607633	0.3435149621346915	0.2027039853777869
21	0.2571895473984758	0.2234634985145542	0.2266187093254018	0.2927282447615683
