Pos	A	C	G	T
1	0.42908694764077	0.011779124395724	0.52808606250426	0.03104786545925
2	0.085483870967742	0.30371669004208	0.17573632538569	0.43506311360449
3	0.0094209420942094	0.014161416141614	0.75979597959796	0.21662166216622
4	0.0018309030275289	0.88131825017982	0.0049042045380239	0.11194664225463
5	0.0055136795086544	0.0002093802345059	0.99399776661083	0.0002791736460078
6	0.0013807386952019	0.018363824646186	0.97790818087677	0.0023472557818433
7	0.01368720905996	0.0025706940874036	0.31848815396373	0.6652539428889
8	0.36952114645229	0.62677385529535	0.0026564138413142	0.0010485844110451
9	0.0	0.0	0.99985975738027	0.0001402426197321
10	0.0	0.000350532809871	0.99950925406618	0.0001402131239484
11	0.000947931478096	0.0019635723474846	0.95097840070418	0.046110095470242
12	0.057392425841248	0.73613553757768	0.011841950990737	0.19463008559034
13	0.25388198757764	0.051852262644188	0.64984472049689	0.044421029281278
14	0.3013112684945	0.16064792090316	0.29429913750789	0.24374167309445
15	0.47200694401389	0.054746109492219	0.35364870729741	0.11959823919648
16	0.47460628676238	0.027702232622858	0.11884131300993	0.37885016760483
17	0.44979410833069	0.061070636680393	0.083750395945518	0.4053848590434
18	0.34915848527349	0.10869565217391	0.096072931276297	0.4460729312763
19	0.25194082320199	0.15087153947561	0.28006444997803	0.31712318734437
