Pos	A	C	G	T
1	0.016578	0.042551	0.017352	0.923519
2	0.996905	0.000442	0.001437	0.001216
3	0.001879	0.000884	0.0	0.997237
4	0.003426	0.042109	0.897657	0.056808
5	0.000663	0.999226	0.000111	0.0
6	0.900531	0.009726	0.065318	0.024425
7	0.001768	0.238174	0.7563	0.003758
8	0.034041	0.280725	0.428824	0.25641
9	0.027078	0.0	0.000884	0.972038
10	0.998232	0.0	0.001768	0.0
11	0.750111	0.005084	0.006079	0.238727
12	0.250221	0.433466	0.30935	0.006963
13	0.029067	0.935897	0.028846	0.006189
14	0.211649	0.004752	0.779951	0.003647
