Pos	A	C	G	T
1	0.2732019363762102	0.2377939142461964	0.21497233748271094	0.27403181189488246
2	0.24979253112033195	0.08976486860304288	0.1078838174273859	0.5525587828492393
3	0.9408022130013831	0.015214384508990318	0.03499308437067773	0.008990318118948824
4	0.969432918395574	0.004011065006915629	0.0035961272475795295	0.022959889349930845
5	0.0013831258644536654	0.018948824343015213	0.0037344398340248964	0.9759336099585062
6	0.0006915629322268327	0.8431535269709544	0.0035961272475795295	0.1525587828492393
7	0.3892116182572614	0.0027662517289073307	0.6080221300138312	0.0
8	0.9994467496542185	0.0	0.0005532503457814661	0.0
9	0.0	0.0	0.0	1.0
10	0.0	0.00013831258644536652	0.0	0.9998616874135546
11	0.9721991701244813	0.008298755186721992	0.01037344398340249	0.009128630705394191
12	0.25283540802213	0.20027662517289074	0.38616874135546336	0.16071922544951592
13	0.12946058091286308	0.4178423236514523	0.18492392807745506	0.2677731673582296
14	0.21932918395573997	0.28475103734439833	0.2584716459197787	0.23744813278008298
