Pos	A	C	G	T
1	0.024186	0.018829	0.822989	0.133996
2	0.00545	0.876558	0.002771	0.11522
3	0.00545	0.208979	0.689121	0.09645
4	0.013483	0.13394	0.2035	0.649077
5	0.091119	9.5e-05	9.5e-05	0.908691
6	0.919421	0.002771	0.032214	0.045593
7	0.064338	0.097548	9.5e-05	0.838019
8	0.935474	9.5e-05	0.008124	0.056307
9	0.401679	0.126999	0.24903	0.222292
10	0.273168	0.406977	0.15001	0.169845
11	0.198268	0.273116	0.525842	0.002774
12	0.330469	0.01348	0.645248	0.010803
13	0.104474	0.002771	0.873923	0.018831
14	0.064327	0.069681	0.841804	0.024188
