Pos	A	C	G	T
1	0.2296264855687606	0.2661290322580645	0.2695246179966044	0.2347198641765705
2	0.2447938801529962	0.2498937526561836	0.2681682957926052	0.2371440713982151
3	0.2649936197362824	0.2441514249255636	0.2462781794980859	0.2445767758400681
4	0.2858354537743851	0.2332485156912638	0.2408821034775233	0.2400339270568278
5	0.2765055131467345	0.2205258693808312	0.2629346904156065	0.2400339270568278
6	0.190536013400335	0.2562814070351759	0.2386934673366834	0.3144891122278057
7	0.2597789115646258	0.2325680272108843	0.2538265306122449	0.2538265306122449
8	0.4950422328314359	0.1211898641204554	0.2177745134043335	0.1659933896437752
9	0.033195706028076	0.8204789430222956	0.0272502064409579	0.1190751445086705
10	0.0275935828877005	0.0095187165775401	0.8972192513368984	0.065668449197861
11	0.152560842717036	0.3686887032328369	0.0962586269524155	0.3824918270977116
12	0.3365344467640918	0.2171189979123173	0.2363256784968685	0.2100208768267223
