Pos	A	C	G	T
1	0.2109339407744875	0.3494305239179955	0.2337129840546697	0.2059225512528474
2	0.2116522530723714	0.2125625853436504	0.3550295857988165	0.2207555757851616
3	0.2622036262203626	0.2101348210134821	0.2649930264993027	0.2626685262668526
4	0.2855153203342619	0.2195914577530176	0.2307335190343547	0.2641597028783658
5	0.2874196510560147	0.1974288337924701	0.3034894398530762	0.2116620752984389
6	0.1817367949865712	0.225604297224709	0.2099373321396598	0.38272157564906
7	0.2119145065939063	0.2301045929968167	0.2032742155525239	0.3547066848567531
8	0.2740538075695395	0.3041495668034656	0.2544459644322846	0.1673506611947105
9	0.0264677213766214	0.915198320461873	0.0018744845167579	0.0564594736447477
10	0.0530465949820789	0.0012381883349625	0.9221244705115672	0.0235907461713913
11	0.2092279579716766	0.3142987665600731	0.189584285061672	0.2868889904065783
12	0.2222222222222222	0.2166666666666667	0.2944444444444445	0.2666666666666667
