Pos	A	C	G	T
1	0.3366233892448095	0.2038468062684381	0.2488884837006012	0.2106413207861512
2	0.4112271102018951	0.1804874730751485	0.1462951683320606	0.2619902483908959
3	0.2518927815437453	0.1917457816464274	0.3381608427942707	0.2182005940155566
4	0.2863740026657349	0.3282325293736523	0.2201885447420205	0.1652049232185924
5	0.1593999062462784	0.2972942832929913	0.4519690516264304	0.0913367588343
6	0.1736328562606173	0.4979636232099827	0.153288531145676	0.1751149893837237
7	0.517035557034304	0.0622870288422979	0.1687731664369012	0.2519042476864969
8	0.0283297022042546	0.8940109400949912	0.0342914709335005	0.0433678867672541
9	0.0318717948046121	0.0387628104256981	0.057423183216033	0.8719422115536569
10	0.0336156575132329	0.0316996627790356	0.0248094570500825	0.9098752226576492
11	0.918533775060616	0.0254590326181263	0.0277141712147364	0.0282930211065214
12	0.8465888915022418	0.0595738220899796	0.054140016405733	0.0396972700020456
13	0.0912896221244113	0.1468923602306593	0.7067259128932764	0.055092104751653
14	0.2486211716577351	0.1722720278060255	0.0920740972296629	0.4870327033065766
15	0.1810308897943628	0.233816007993356	0.3383858199585473	0.2467672822537339
16	0.2761128128738486	0.203472050339129	0.2793168608617988	0.2410982759252236
17	0.2020703987222918	0.3315014913294541	0.2536855124846508	0.2127425974636034
18	0.2616122883577101	0.205980612863069	0.3350180646926196	0.1973890340866013
19	0.2480059752218789	0.3274194944645884	0.1858592459825122	0.2387152843310204
20	0.2458359411941802	0.2801823481991505	0.2477129648454803	0.226268745761189
