Pos	A	C	G	T
1	0.1428558748770515	0.4036380354515646	0.2145672486976382	0.2389388409737458
2	0.1743271936443097	0.4499757679920764	0.1574727182266509	0.2182243201369629
3	0.827217969548876	0.0285303778004317	0.027814948636073	0.1164367040146193
4	0.0384862960071577	0.2306525259699268	0.0462097605286194	0.684651417494296
5	0.011613967135258	0.0063601003212633	0.0066479323390837	0.9753780002043948
6	0.1038290873548655	0.0615315311866243	0.8206320046338361	0.0140073768246744
7	0.1273108308576218	0.0526717710647113	0.0378104030437435	0.7822069950339233
8	0.165901659620571	0.2807180334364057	0.2372035515168311	0.3161767554261922
9	0.2077939041468233	0.3267685517618189	0.1672693346732621	0.2981682094180957
