Pos	A	C	G	T
1	0.15715904898751812	0.42248849374847425	0.23656475277714828	0.18378770448685927
2	0.21541389652263906	0.3393328261315665	0.3007060741483605	0.14454720319743383
3	0.2642652258613748	0.17869981133037544	0.4261569164665631	0.13087804634168668
4	0.030973936920250914	0.8544725190495993	0.06051016855585247	0.054043375474297196
5	0.08357639355999363	0.1706201051548206	0.6700771053915591	0.07572639589362667
6	0.0704165925133226	0.0958623366906996	0.21867690265778977	0.6150441681381881
7	0.06417143443870969	0.656014792336716	0.2030071691966396	0.07680660402793464
8	0.2538452487200864	0.478398877833311	0.21710215367478078	0.05065371977182178
9	0.20906613759814835	0.3166508355245761	0.322196740487556	0.15208628638971958
