Pos	A	C	G	T
1	0.043478260869565	0.08695652173913	0.73913043478261	0.1304347826087
2	0.1304347826087	0.21739130434783	0.43478260869565	0.21739130434783
3	0.26086956521739	0.47826086956522	0.17391304347826	0.08695652173913
4	0.1304347826087	0.043478260869565	0.43478260869565	0.39130434782609
5	0.0	0.95652173913043	0.043478260869565	0.0
6	1.0	0.0	0.0	0.0
7	0.0	0.0	0.95652173913043	0.043478260869565
8	0.043478260869565	0.043478260869565	0.91304347826087	0.0
9	0.0	0.0	0.0	1.0
10	0.0	0.0	1.0	0.0
11	0.0	0.30434782608696	0.26086956521739	0.43478260869565
12	0.21739130434783	0.043478260869565	0.26086956521739	0.47826086956522
13	0.17391304347826	0.08695652173913	0.26086956521739	0.47826086956522
14	0.1304347826087	0.21739130434783	0.1304347826087	0.52173913043478
15	0.0	0.21739130434783	0.39130434782609	0.39130434782609
