Pos	A	C	G	T
1	0.33333333333333	0.0	0.5	0.16666666666667
2	0.61111111111111	0.33333333333333	0.055555555555556	0.0
3	0.0	1.0	0.0	0.0
4	1.0	0.0	0.0	0.0
5	0.0	0.0	0.61111111111111	0.38888888888889
6	0.77777777777778	0.055555555555556	0.16666666666667	0.0
7	0.0	0.0	0.0	1.0
8	0.0	0.0	1.0	0.0
9	0.0	0.11111111111111	0.77777777777778	0.11111111111111
10	0.055555555555556	0.33333333333333	0.11111111111111	0.5
11	0.22222222222222	0.27777777777778	0.33333333333333	0.16666666666667
12	0.27777777777778	0.33333333333333	0.27777777777778	0.11111111111111
13	0.16666666666667	0.22222222222222	0.61111111111111	0.0
14	0.22222222222222	0.11111111111111	0.38888888888889	0.27777777777778
15	0.0	0.11111111111111	0.16666666666667	0.72222222222222
