Pos	A	C	G	T
1	0.463866	0.10084	0.084034	0.351261
2	0.191597	0.384874	0.152941	0.270588
3	0.045378	0.033613	0.008403	0.912605
4	0.036975	0.0	0.031933	0.931092
5	0.233613	0.001681	0.12605	0.638655
6	0.0	1.0	0.0	0.0
7	0.0	0.927731	0.0	0.072269
8	0.236975	0.238655	0.161345	0.363025
9	0.090756	0.053782	0.085714	0.769748
10	0.270588	0.0	0.0	0.729412
11	0.053782	0.003361	0.0	0.942857
12	0.119328	0.097479	0.016807	0.766387
13	0.117647	0.12605	0.366387	0.389916
14	0.080672	0.0	0.919328	0.0
15	0.008403	0.0	0.939496	0.052101
