Pos	A	C	G	T
1	0.0742424	0.0863636	0.740909	0.0984848
2	0.019697	0.813636	0.104545	0.0621212
3	0.892424	0.0439394	0.019697	0.0439394
4	0.692424	0.00757576	0.219697	0.080303
5	0.0318182	0.00151515	0.965152	0.00151515
6	0.00757576	0.0318182	0.959091	0.00151515
7	0.789394	0.0863636	0.0318182	0.0924242
8	0.14697	0.0257576	0.019697	0.807576
9	0.0621212	0.00151515	0.928788	0.00757576
10	0.00151515	0.00151515	0.995455	0.00151515
11	0.019697	0.340909	0.0378788	0.601515
12	0.0439394	0.0257576	0.159091	0.771212
13	0.14697	0.298485	0.177273	0.377273
14	0.310606	0.0257576	0.65	0.0136364
15	0.75303	0.0439394	0.080303	0.122727
