Pos	A	C	G	T
1	0.033966033966034	0.002997002997003	0.325674325674326	0.637362637362637
2	0.659	0.107	0.169	0.065
3	0.106893106893107	0.002997002997003	0.887112887112887	0.002997002997003
4	0.991008991008991	0.002997002997003	0.002997002997003	0.002997002997003
5	0.971	0.003	0.023	0.003
6	0.794	0.003	0.19	0.013
7	0.044	0.013	0.909	0.034
8	0.305	0.034	0.419	0.242
9	0.169169169169169	0.242242242242242	0.273273273273273	0.315315315315315
10	0.023023023023023	0.0440440440440441	0.763763763763764	0.169169169169169
11	0.367	0.617	0.003	0.013
12	0.690690690690691	0.0440440440440441	0.221221221221221	0.0440440440440441
13	0.0650650650650651	0.117117117117117	0.169169169169169	0.648648648648649
