Pos	A	C	G	T
1	0.212209	0.235465	0.444767	0.107558
2	0.235465	0.363372	0.235465	0.165698
3	0.386628	0.142442	0.293605	0.177326
4	0.0145349	0.0261628	0.956395	0.00290698
5	0.0145349	0.979651	0.00290698	0.00290698
6	0.0494186	0.0959302	0.584302	0.270349
7	0.00290698	0.177326	0.723837	0.0959302
8	0.188953	0.386628	0.363372	0.0610465
9	0.875	0.0377907	0.0843023	0.00290698
10	0.514535	0.340116	0.142442	0.00290698
11	0.375	0.0145349	0.59593	0.0145349
12	0.212209	0.0261628	0.723837	0.0377907
13	0.0726744	0.00290698	0.909884	0.0145349
14	0.909884	0.0726744	0.00290698	0.0145349
15	0.235465	0.0959302	0.584302	0.0843023
16	0.00290698	0.200581	0.642442	0.15407
17	0.0377907	0.93314	0.0261628	0.00290698
18	0.188953	0.15407	0.526163	0.130814
19	0.165698	0.0959302	0.700581	0.0377907
20	0.212209	0.223837	0.549419	0.0145349
21	0.165698	0.305233	0.409884	0.119186
