Pos	A	C	G	T
1	0.0793515	0.0418089	0.877986	0.000853242
2	0.741468	0.03157	0.219283	0.00767918
3	0.127133	0.000853242	0.837031	0.0349829
4	0.0418089	0.645904	0.263652	0.0486348
5	0.366041	0.403584	0.185154	0.0452218
6	0.642491	0.140785	0.178328	0.0383959
7	0.171502	0.526451	0.243174	0.0588737
8	0.635666	0.0691126	0.28413	0.0110922
9	0.77901	0.0691126	0.147611	0.00426621
10	0.0656997	0.174915	0.645904	0.113481
11	0.478669	0.106655	0.335324	0.0793515
12	0.0759386	0.137372	0.34215	0.444539
13	0.168089	0.0383959	0.714164	0.0793515
14	0.00426621	0.0554608	0.918942	0.0213311
15	0.62884	0.212457	0.140785	0.0179181
16	0.748294	0.0622867	0.181741	0.00767918
17	0.21587	0.000853242	0.782423	0.000853242
18	0.0179181	0.00426621	0.966724	0.0110922
19	0.543515	0.127133	0.287543	0.0418089
20	0.256826	0.0213311	0.693686	0.028157
21	0.03157	0.618601	0.188567	0.161263
22	0.154437	0.738055	0.0759386	0.03157
23	0.137372	0.151024	0.154437	0.557167
24	0.0349829	0.028157	0.932594	0.00426621
25	0.0213311	0.0383959	0.93942	0.000853242
26	0.0452218	0.0554608	0.884812	0.0145051
27	0.0895904	0.386519	0.113481	0.41041
