Pos	A	C	G	T
1	0.125243	0.464494	0.150208	0.260055
2	0.300251	0.112647	0.311977	0.275126
3	0.0823579	0.0522575	0.804766	0.0606187
4	0.127508	0.197743	0.582358	0.0923913
5	0.63587	0.291388	0.0221572	0.0505853
6	0.813552	0.0189394	0.121633	0.0458754
7	0.0272194	0.0121441	0.951843	0.00879397
8	0.00380711	0.0190355	0.0545685	0.922589
9	0.0106112	0.586163	0.0751273	0.328098
10	0.0140545	0.971465	0.00383305	0.0106474
11	0.0701531	0.279337	0.00722789	0.643282
12	0.117772	0.144983	0.170493	0.566752
13	0.0275424	0.805508	0.0326271	0.134322
14	0.0477196	0.576436	0.0257601	0.350084
15	0.0930134	0.143518	0.205808	0.55766
16	0.160624	0.263491	0.386594	0.189292
17	0.272231	0.220218	0.248742	0.258809
18	0.257563	0.107983	0.215546	0.418907
19	0.272689	0.0777311	0.60042	0.0491596
20	0.0190034	0.0983957	0.0815033	0.801098
21	0.00717905	0.94299	0.00548986	0.0443412
22	0.0798142	0.13218	0.0358952	0.752111
23	0.473305	0.168221	0.276695	0.0817797
24	0.475969	0.239882	0.18086	0.103288
25	0.0188758	0.898071	0.0104866	0.0725671
26	0.0289916	0.578572	0.0121849	0.380252
27	0.18729	0.19739	0.148569	0.466751
