Pos	A	C	G	T
1	0.366876	0.171908	0.255765	0.205451
2	0.371069	0.113208	0.266247	0.249476
3	0.310273	0.169811	0.45283	0.067086
4	0.324948	0.188679	0.272537	0.213836
5	0.643606	0.067086	0.278826	0.010482
6	0.0	0.0	0.002096	0.997904
7	0.0	0.00419299580700419	0.983228016771983	0.0125789874210126
8	1.0	0.0	0.0	0.0
9	0.014675	0.350105	0.618449	0.016771
10	0.0	0.0	0.0	1.0
11	0.0	1.0	0.0	0.0
12	1.0	0.0	0.0	0.0
13	0.0	0.178197	0.018868	0.802935
14	0.14046114046114	0.723270723270723	0.044025044025044	0.0922430922430923
15	0.473794526205474	0.249475750524249	0.119496880503119	0.157232842767157
