Pos	A	C	G	T
1	0.3048175338585394	0.1995376307137235	0.2431094952605177	0.2525353401672193
2	0.1964593579033425	0.1832096069859429	0.423096473378791	0.1972345617319237
3	0.1534348763972593	0.2119877802804503	0.3990678044187001	0.2355095389035899
4	0.2485717053659966	0.1755592801477448	0.4015991868544679	0.1742698276317907
5	0.2227826728766917	0.2482597876188167	0.1924161967939861	0.3365413427105053
6	0.1248614922486626	0.6087120006075656	0.0692800753806676	0.1971464317631043
7	0.0937188954647137	0.3366094691518919	0.2557573823782539	0.3139142530051404
8	0.1106927336053897	0.1532255050264017	0.686661081295333	0.0494206800728756
9	0.0604222042774195	0.0788540068384895	0.0295209642358596	0.8312028246482314
10	0.5129372181507417	0.0603908952014922	0.2052189369351903	0.2214529497125758
11	0.1516350415526235	0.3395286519337726	0.3875765090046823	0.1212597975089217
12	0.09421107802376	0.1089693678965179	0.1056514077458649	0.6911681463338571
13	0.4367064473599952	0.0435845737658251	0.3858804221416268	0.133828556732553
14	0.2908638050257855	0.226528899662453	0.2679026729113673	0.2147046224003941
15	0.0991729954149451	0.2650248831171352	0.1069839868799589	0.5288181345879608
16	0.1343708052346943	0.0963173195545997	0.5162489834450106	0.2530628917656954
17	0.1497574843674148	0.2727138791361324	0.2963486942323038	0.2811799422641488
18	0.2093286548792369	0.4920379590820628	0.1249941961414199	0.1736391898972807
19	0.1801452547246942	0.2633265510765392	0.188780431106324	0.3677477630924426
20	0.1439646190442558	0.5408880749974684	0.1406108136406962	0.1745364923175796
