Pos	A	C	G	T
1	0.377281622718377	0.146044853955146	0.330628669371331	0.146044853955146
2	0.381338618661381	0.131845868154132	0.330628669371331	0.156186843813156
3	0.241379	0.135903	0.490872	0.131846
4	0.365112	0.150101	0.427992	0.056795
5	0.292089	0.010142	0.15213	0.545639
6	0.010142	0.004057	0.498986	0.486815
7	0.537525537525538	0.0	0.456389456389456	0.00608500608500609
8	0.458417541582458	0.482758517241483	0.00811399188600812	0.0507099492900507
9	0.022312	0.077079	0.900609	0.0
10	0.0121700121700122	0.00202800202800203	0.0	0.985801985801986
11	0.0	0.989858	0.008114	0.002028
12	1.0	0.0	0.0	0.0
13	0.0	0.275862	0.056795	0.667343
14	0.188641	0.584178	0.058824	0.168357
15	0.330629	0.281947	0.269777	0.117647
