Pos	A	C	G	T
1	0.451327451327451	0.0353980353980354	0.0243360243360243	0.488938488938489
2	0.252212	0.179204	0.137168	0.431416
3	0.077434	0.042035	0.013274	0.867257
4	0.004425	0.004425	0.99115	0.0
5	0.057522	0.880531	0.0	0.061947
6	0.106195	0.103982	0.006637	0.783186
7	0.139381	0.030973	0.732301	0.097345
8	0.80973419026581	0.0353979646020354	0.0597349402650597	0.0951329048670951
9	0.084071	0.243363	0.64823	0.024336
10	0.0	0.0	0.004425	0.995575
11	0.048673	0.951327	0.0	0.0
12	1.0	0.0	0.0	0.0
13	0.0	0.013274	0.75	0.236726
14	0.013274	0.853982	0.095133	0.037611
15	0.734513734513734	0.073009073009073	0.0818580818580819	0.110619110619111
