Pos	A	C	G	T
1	0.184210815789184	0.164473835526164	0.0953949046050954	0.555920444079556
2	0.092105	0.154605	0.302632	0.450658
3	0.164473835526164	0.184210815789184	0.424341575658424	0.226973773026227
4	0.00657900657900658	0.973684973684974	0.00328900328900329	0.0164470164470164
5	0.0	0.967105	0.0	0.032895
6	0.289473710526289	0.0526319473680526	0.0131579868420132	0.644736355263645
7	0.078947	0.019737	0.013158	0.888158
8	0.595395	0.026316	0.078947	0.299342
9	0.006579	0.042763	0.0	0.950658
10	0.483552516447483	0.0263159736840263	0.00657899342100658	0.483552516447483
11	0.180921	0.006579	0.055921	0.756579
12	0.0625	0.0	0.934211	0.003289
13	0.00986800986800987	0.0164470164470164	0.950658950658951	0.023026023026023
14	0.177631822368178	0.302631697368303	0.286183713816286	0.233552766447234
15	0.230263	0.519737	0.108553	0.141447
16	0.552631447368553	0.0822369177630822	0.131578868421132	0.233552766447234
17	0.171053	0.210526	0.174342	0.444079
18	0.335526	0.154605	0.338816	0.171053
19	0.184211	0.190789	0.325658	0.299342
