Pos	A	C	G	T
1	0.0182559817440183	0.00405699594300406	0.0	0.977687022312978
2	0.237323	0.0	0.762677	0.0
3	0.0	0.002028	0.0	0.997972
4	0.00202800202800203	0.0	0.073022073022073	0.924949924949925
5	0.0	0.0	0.182556	0.817444
6	0.784990784990785	0.00202800202800203	0.200811200811201	0.0121700121700122
7	0.0	0.916836	0.0	0.083164
8	0.425963	0.141988	0.0	0.432049
9	0.048682	0.399594	0.180527	0.371197
10	0.529411470588529	0.0202839797160203	0.0344829655170345	0.415821584178416
11	0.20284	0.178499	0.466531	0.15213
