Pos	A	C	G	T
1	0.186667	0.229333	0.384	0.2
2	0.0266669733330267	0.0106669893330107	0.738666261333739	0.223999776000224
3	0.064	0.178667	0.053333	0.704
4	0.021333	0.661333	0.010667	0.306667
5	0.650667	0.210667	0.045333	0.093333
6	0.0293330293330293	0.613333613333613	0.024000024000024	0.333333333333333
7	0.16	0.016	0.824	0.0
8	0.0	0.698667	0.301333	0.0
9	0.210667	0.178667	0.053333	0.557333
10	0.00533300533300533	0.328000328000328	0.0213330213330213	0.645333645333645
11	0.023999976000024	0.362666637333363	0.506666493333507	0.106666893333107
12	0.293333293333293	0.112000112000112	0.581333581333581	0.0133330133330133
13	0.122666877333123	0.562666437333563	0.194666805333195	0.11999988000012
14	0.0666669333330667	0.11999988000012	0.0346669653330347	0.778666221333779
15	0.141333	0.002667	0.818667	0.037333
