Pos	A	C	G	T
1	0.27973572026428	0.0704849295150705	0.262114737885262	0.387664612335388
2	0.138766861233139	0.0903079096920903	0.354625645374355	0.416299583700416
3	0.0352420352420352	0.702643702643703	0.0528630528630529	0.209251209251209
4	0.0	0.04185	0.0	0.95815
5	0.96696	0.0	0.0	0.03304
6	0.07489	0.0	0.0	0.92511
7	0.088106	0.002203	0.004405	0.905286
8	0.017621	0.044053	0.0	0.938326
9	0.160793	0.114537	0.019824	0.704846
10	0.134361	0.024229	0.129956	0.711454
11	0.493392	0.0	0.506608	0.0
12	0.151982	0.057269	0.640969	0.14978
13	0.352422647577352	0.385462614537386	0.101321898678101	0.160792839207161
14	0.312775	0.270925	0.105727	0.310573
15	0.229075	0.306167	0.154185	0.310573
