Pos	A	C	G	T
1	0.147609147609148	0.295218295218295	0.22037422037422	0.336798336798337
2	0.182952182952183	0.241164241164241	0.195426195426195	0.38045738045738
3	0.010395	0.008316	0.004158	0.977131
4	0.214137	0.002079	0.783784	0.0
5	0.004158	0.002079	0.0	0.993763
6	0.0	0.0	0.043659	0.956341
7	0.0	0.0	0.10395	0.89605
8	0.72973	0.0	0.268191	0.002079
9	0.010395	0.848233	0.008316	0.133056
10	0.355509355509355	0.14968814968815	0.0	0.494802494802495
11	0.051975	0.359667	0.085239	0.503119
12	0.538462	0.010395	0.018711	0.432432
13	0.199584	0.122661	0.573805	0.10395
14	0.155925155925156	0.243243243243243	0.313929313929314	0.286902286902287
15	0.230769230769231	0.280665280665281	0.313929313929314	0.174636174636175
