Pos	A	C	G	T
1	0.17204301075268819	0.0	0.8279569892473119	0.0
2	0.053763440860215055	0.0	0.946236559139785	0.0
3	0.3225806451612903	0.6559139784946236	0.0	0.021505376344086023
4	0.12903225806451613	0.010752688172043012	0.8602150537634409	0.0
5	0.021505376344086023	0.0	0.978494623655914	0.0
6	0.11827956989247312	0.8064516129032258	0.0	0.07526881720430108
7	0.40860215053763443	0.10752688172043011	0.34408602150537637	0.13978494623655913
8	0.12903225806451613	0.0	0.8709677419354839	0.0
9	0.27956989247311825	0.5913978494623656	0.08602150537634409	0.043010752688172046
10	0.24731182795698925	0.053763440860215055	0.6774193548387096	0.021505376344086023
11	0.0967741935483871	0.03225806451612903	0.8709677419354839	0.0
12	0.26881720430107525	0.7096774193548387	0.021505376344086023	0.0
13	0.3118279569892473	0.0	0.5053763440860215	0.1827956989247312
14	0.11827956989247312	0.0	0.8602150537634409	0.021505376344086023
15	0.3225806451612903	0.6021505376344086	0.07526881720430108	0.0
