Pos	A	C	G	T
1	0.8169014084507042	0.15492957746478872	0.014084507042253521	0.014084507042253521
2	0.06690140845070422	0.24295774647887325	0.017605633802816902	0.6725352112676056
3	0.7112676056338029	0.02464788732394366	0.07746478873239436	0.18661971830985916
4	0.02112676056338028	0.8028169014084507	0.14788732394366197	0.028169014084507043
5	0.9612676056338029	0.017605633802816902	0.007042253521126761	0.014084507042253521
6	0.22887323943661972	0.03873239436619718	0.7183098591549296	0.014084507042253521
7	0.04225352112676056	0.2676056338028169	0.02112676056338028	0.6690140845070423
8	0.8274647887323944	0.06338028169014084	0.045774647887323945	0.06338028169014084
9	0.12323943661971831	0.0	0.8697183098591549	0.007042253521126761
10	0.03169014084507042	0.0035211267605633804	0.9366197183098591	0.028169014084507043
11	0.045774647887323945	0.323943661971831	0.13028169014084506	0.5
12	0.16549295774647887	0.0035211267605633804	0.8274647887323944	0.0035211267605633804
13	0.007042253521126761	0.9119718309859155	0.01056338028169014	0.07042253521126761
14	0.045774647887323945	0.1619718309859155	0.007042253521126761	0.7852112676056338
15	0.06338028169014084	0.5492957746478874	0.18661971830985916	0.2007042253521127
16	0.7253521126760564	0.09859154929577464	0.1619718309859155	0.014084507042253521
17	0.6619718309859155	0.03169014084507042	0.2640845070422535	0.04225352112676056
18	0.028169014084507043	0.056338028169014086	0.02112676056338028	0.8943661971830986
19	0.8063380281690141	0.06690140845070422	0.09154929577464789	0.035211267605633804
20	0.7887323943661971	0.06338028169014084	0.05985915492957746	0.0880281690140845
21	0.704225352112676	0.035211267605633804	0.15845070422535212	0.10211267605633803
