Pos	A	C	G	T
1	0.27058823529411763	0.1411764705882353	0.38823529411764707	0.2
2	0.29411764705882354	0.16470588235294117	0.4588235294117647	0.08235294117647059
3	0.3411764705882353	0.023529411764705882	0.11764705882352941	0.5176470588235295
4	0.2235294117647059	0.09411764705882353	0.32941176470588235	0.35294117647058826
5	0.058823529411764705	0.18823529411764706	0.058823529411764705	0.6941176470588235
6	0.011764705882352941	0.11764705882352941	0.16470588235294117	0.7058823529411765
7	0.0	0.0	1.0	0.0
8	0.0	0.0	0.9764705882352941	0.023529411764705882
9	0.0	0.0	1.0	0.0
10	0.0	0.0	1.0	0.0
11	0.011764705882352941	0.0	0.18823529411764706	0.8
12	0.09411764705882353	0.08235294117647059	0.5411764705882353	0.2823529411764706
13	0.15294117647058825	0.6941176470588235	0.0	0.15294117647058825
14	0.38823529411764707	0.27058823529411763	0.3176470588235294	0.023529411764705882
15	0.11764705882352941	0.3176470588235294	0.5529411764705883	0.011764705882352941
16	0.2823529411764706	0.1411764705882353	0.4470588235294118	0.12941176470588237
17	0.25882352941176473	0.10588235294117647	0.5411764705882353	0.09411764705882353
18	0.1411764705882353	0.2	0.4	0.25882352941176473
19	0.16470588235294117	0.2823529411764706	0.43529411764705883	0.11764705882352941
20	0.15294117647058825	0.35294117647058826	0.1411764705882353	0.35294117647058826
21	0.23529411764705882	0.3176470588235294	0.15294117647058825	0.29411764705882354
