Pos	A	C	G	T
1	0.025974025974025976	0.22077922077922077	0.11688311688311688	0.6363636363636364
2	0.06493506493506493	0.025974025974025976	0.5714285714285714	0.33766233766233766
3	0.7142857142857143	0.0	0.2597402597402597	0.025974025974025976
4	0.0	0.961038961038961	0.012987012987012988	0.025974025974025976
5	0.06493506493506493	0.0	0.935064935064935	0.0
6	0.03896103896103896	0.14285714285714285	0.0	0.8181818181818182
7	0.11688311688311688	0.8311688311688312	0.025974025974025976	0.025974025974025976
8	0.8441558441558441	0.0	0.03896103896103896	0.11688311688311688
9	0.06493506493506493	0.2857142857142857	0.05194805194805195	0.5974025974025974
10	0.24675324675324675	0.45454545454545453	0.03896103896103896	0.2597402597402597
11	0.36363636363636365	0.15584415584415584	0.35064935064935066	0.12987012987012986
12	0.12987012987012986	0.2857142857142857	0.37662337662337664	0.2077922077922078
13	0.12987012987012986	0.3116883116883117	0.23376623376623376	0.3246753246753247
14	0.1038961038961039	0.4155844155844156	0.42857142857142855	0.05194805194805195
15	0.1038961038961039	0.44155844155844154	0.18181818181818182	0.2727272727272727
16	0.012987012987012988	0.012987012987012988	0.8961038961038961	0.07792207792207792
17	0.0	0.987012987012987	0.012987012987012988	0.0
18	0.0	0.0	0.974025974025974	0.025974025974025976
19	0.23376623376623376	0.6493506493506493	0.025974025974025976	0.09090909090909091
20	0.012987012987012988	0.8441558441558441	0.07792207792207792	0.06493506493506493
21	0.15584415584415584	0.12987012987012986	0.6363636363636364	0.07792207792207792
