Pos	A	C	G	T
1	0.9007633587786259	0.022900763358778626	0.07633587786259542	0.0
2	0.8396946564885496	0.007633587786259542	0.15267175572519084	0.0
3	0.06870229007633588	0.0916030534351145	0.03816793893129771	0.8015267175572519
4	0.022900763358778626	0.022900763358778626	0.9312977099236641	0.022900763358778626
5	0.9847328244274809	0.0	0.0	0.015267175572519083
6	0.8625954198473282	0.015267175572519083	0.12213740458015267	0.0
7	0.0	0.06870229007633588	0.061068702290076333	0.8702290076335878
8	0.04580152671755725	0.022900763358778626	0.9312977099236641	0.0
9	0.9465648854961832	0.03816793893129771	0.015267175572519083	0.0
10	0.8396946564885496	0.007633587786259542	0.15267175572519084	0.0
11	0.015267175572519083	0.030534351145038167	0.030534351145038167	0.9236641221374046
12	0.0	0.0	1.0	0.0
13	0.9694656488549618	0.0	0.022900763358778626	0.007633587786259542
14	0.7557251908396947	0.007633587786259542	0.2366412213740458	0.0
15	0.022900763358778626	0.19083969465648856	0.06870229007633588	0.7175572519083969
16	0.0916030534351145	0.015267175572519083	0.8473282442748091	0.04580152671755725
17	0.8931297709923665	0.022900763358778626	0.08396946564885496	0.0
18	0.7709923664122137	0.061068702290076333	0.16030534351145037	0.007633587786259542
19	0.022900763358778626	0.10687022900763359	0.13740458015267176	0.732824427480916
20	0.07633587786259542	0.06870229007633588	0.816793893129771	0.03816793893129771
21	0.8244274809160306	0.11450381679389313	0.03816793893129771	0.022900763358778626
22	0.648854961832061	0.08396946564885496	0.20610687022900764	0.061068702290076333
23	0.13740458015267176	0.12213740458015267	0.1297709923664122	0.6106870229007634
