Pos	A	C	G	T
1	0.02666666666666667	0.8533333333333334	0.04	0.08
2	0.04	0.6666666666666666	0.06666666666666667	0.22666666666666666
3	0.6933333333333334	0.04	0.24	0.02666666666666667
4	0.84	0.04	0.09333333333333334	0.02666666666666667
5	0.2	0.02666666666666667	0.7466666666666667	0.02666666666666667
6	0.08	0.013333333333333334	0.9066666666666666	0.0
7	0.08	0.09333333333333334	0.0	0.8266666666666667
8	0.04	0.9333333333333333	0.013333333333333334	0.013333333333333334
9	1.0	0.0	0.0	0.0
10	0.0	1.0	0.0	0.0
11	0.96	0.02666666666666667	0.013333333333333334	0.0
12	0.0	0.96	0.04	0.0
13	1.0	0.0	0.0	0.0
14	0.0	0.0	1.0	0.0
15	0.0	0.92	0.04	0.04
