Pos	A	C	G	T
1	0.2511013215859031	0.0	0.748898678414097	0.0
2	0.18502202643171806	0.01762114537444934	0.7973568281938326	0.0
3	0.8325991189427313	0.0	0.16740088105726872	0.0
4	0.34801762114537443	0.03524229074889868	0.19383259911894274	0.42290748898678415
5	0.3700440528634361	0.0	0.6299559471365639	0.0
6	0.11894273127753303	0.0	0.8810572687224669	0.0
7	0.9030837004405287	0.0	0.09691629955947137	0.0
8	0.3039647577092511	0.0	0.21585903083700442	0.4801762114537445
9	0.32158590308370044	0.0	0.6784140969162996	0.0
10	0.11894273127753303	0.0	0.8810572687224669	0.0
11	0.9030837004405287	0.0	0.09691629955947137	0.0
