Pos	A	C	G	T
1	0.7283950617283951	0.030864197530864196	0.12345679012345678	0.11728395061728394
2	0.5185185185185185	0.09876543209876543	0.05555555555555555	0.3271604938271605
3	0.14814814814814814	0.2345679012345679	0.16049382716049382	0.4567901234567901
4	0.030864197530864196	0.8271604938271605	0.018518518518518517	0.12345679012345678
5	0.9629629629629629	0.006172839506172839	0.024691358024691357	0.006172839506172839
6	0.9814814814814815	0.012345679012345678	0.006172839506172839	0.0
7	0.47530864197530864	0.037037037037037035	0.48148148148148145	0.006172839506172839
8	1.0	0.0	0.0	0.0
9	0.0	0.0	0.0	1.0
10	0.0	0.0	1.0	0.0
11	0.018518518518518517	0.0	0.9814814814814815	0.0
12	0.9259259259259259	0.043209876543209874	0.018518518518518517	0.012345679012345678
13	0.012345679012345678	0.012345679012345678	0.9506172839506173	0.024691358024691357
14	0.0	0.018518518518518517	0.018518518518518517	0.9629629629629629
15	0.037037037037037035	0.654320987654321	0.006172839506172839	0.30246913580246915
16	0.5925925925925926	0.024691358024691357	0.30864197530864196	0.07407407407407407
17	0.018518518518518517	0.7283950617283951	0.19753086419753085	0.05555555555555555
18	0.012345679012345678	0.08024691358024691	0.0	0.9074074074074074
19	0.04938271604938271	0.5432098765432098	0.037037037037037035	0.37037037037037035
20	0.4444444444444444	0.037037037037037035	0.11728395061728394	0.4012345679012346
21	0.04938271604938271	0.043209876543209874	0.4567901234567901	0.4506172839506173
22	0.0	0.0	1.0	0.0
23	0.04938271604938271	0.30246913580246915	0.006172839506172839	0.6419753086419753
24	0.0	0.35185185185185186	0.006172839506172839	0.6419753086419753
25	0.5061728395061729	0.32098765432098764	0.006172839506172839	0.16666666666666666
26	0.691358024691358	0.04938271604938271	0.2037037037037037	0.05555555555555555
27	0.5617283950617284	0.14814814814814814	0.22839506172839505	0.06172839506172839
28	0.3888888888888889	0.10493827160493827	0.19135802469135801	0.3148148148148148
29	0.1419753086419753	0.345679012345679	0.17901234567901234	0.3333333333333333
