Pos	A	C	G	T
1	0.11538461538461539	0.0	0.8846153846153846	0.0
2	0.9743589743589743	0.01282051282051282	0.01282051282051282	0.0
3	0.7307692307692307	0.0	0.2692307692307692	0.0
4	0.0	0.0	0.0	1.0
5	0.0	0.0	0.9358974358974359	0.0641025641025641
6	0.8846153846153846	0.10256410256410256	0.01282051282051282	0.0
7	0.6025641025641025	0.0	0.3974358974358974	0.0
8	0.01282051282051282	0.01282051282051282	0.08974358974358974	0.8846153846153846
9	0.038461538461538464	0.0641025641025641	0.8589743589743589	0.038461538461538464
10	0.6794871794871795	0.10256410256410256	0.14102564102564102	0.07692307692307693
11	0.358974358974359	0.0641025641025641	0.5256410256410257	0.05128205128205128
