Pos	A	C	G	T
1	0.1557377049180328	0.29918032786885246	0.5081967213114754	0.036885245901639344
2	0.15163934426229508	0.7581967213114754	0.02459016393442623	0.06557377049180328
3	0.012295081967213115	0.13524590163934427	0.8483606557377049	0.004098360655737705
4	0.040983606557377046	0.0	0.9467213114754098	0.012295081967213115
5	0.9877049180327869	0.00819672131147541	0.004098360655737705	0.0
6	0.0	1.0	0.0	0.0
7	0.0	0.7663934426229508	0.0942622950819672	0.13934426229508196
8	0.18442622950819673	0.44672131147540983	0.25	0.11885245901639344
9	0.3442622950819672	0.27049180327868855	0.319672131147541	0.06557377049180328
10	0.38934426229508196	0.040983606557377046	0.47950819672131145	0.09016393442622951
11	0.18442622950819673	0.13114754098360656	0.5163934426229508	0.1680327868852459
12	0.38524590163934425	0.09836065573770492	0.2540983606557377	0.26229508196721313
13	0.0	0.00819672131147541	0.9877049180327869	0.004098360655737705
14	0.5819672131147541	0.02459016393442623	0.39344262295081966	0.0
15	0.38114754098360654	0.0778688524590164	0.5286885245901639	0.012295081967213115
16	0.38934426229508196	0.10655737704918032	0.5040983606557377	0.0
17	0.4672131147540984	0.2540983606557377	0.24180327868852458	0.036885245901639344
18	0.05327868852459016	0.9262295081967213	0.012295081967213115	0.00819672131147541
19	0.3729508196721312	0.19672131147540983	0.13524590163934427	0.29508196721311475
20	0.12295081967213115	0.18442622950819673	0.5409836065573771	0.15163934426229508
