Pos	A	C	G	T
1	0.013157894736842105	0.9342105263157895	0.02631578947368421	0.02631578947368421
2	0.9605263157894737	0.02631578947368421	0.013157894736842105	0.0
3	0.02631578947368421	0.05263157894736842	0.9210526315789473	0.0
4	0.9473684210526315	0.013157894736842105	0.013157894736842105	0.02631578947368421
5	0.06578947368421052	0.013157894736842105	0.9078947368421053	0.013157894736842105
6	0.10526315789473684	0.013157894736842105	0.868421052631579	0.013157894736842105
7	0.013157894736842105	0.8026315789473685	0.02631578947368421	0.15789473684210525
8	0.5	0.05263157894736842	0.42105263157894735	0.02631578947368421
9	0.013157894736842105	0.05263157894736842	0.0	0.9342105263157895
10	0.013157894736842105	0.05263157894736842	0.2236842105263158	0.7105263157894737
11	0.013157894736842105	0.17105263157894737	0.039473684210526314	0.7763157894736842
12	0.11842105263157894	0.02631578947368421	0.8421052631578947	0.013157894736842105
13	1.0	0.0	0.0	0.0
14	0.9868421052631579	0.0	0.013157894736842105	0.0
15	0.0	1.0	0.0	0.0
16	0.039473684210526314	0.9210526315789473	0.013157894736842105	0.02631578947368421
17	0.9736842105263158	0.0	0.02631578947368421	0.0
18	0.013157894736842105	0.039473684210526314	0.9342105263157895	0.013157894736842105
