Pos	A	C	G	T
1	0.02617801047120419	0.005235602094240838	0.07853403141361257	0.8900523560209425
2	0.015706806282722512	0.0	0.9842931937172775	0.0
3	0.9895287958115183	0.010471204188481676	0.0	0.0
4	0.9685863874345549	0.010471204188481676	0.015706806282722512	0.005235602094240838
5	0.0	0.07853403141361257	0.05235602094240838	0.8691099476439791
6	0.05759162303664921	0.0	0.9109947643979057	0.031413612565445025
7	0.9947643979057592	0.0	0.0	0.005235602094240838
8	0.8795811518324608	0.005235602094240838	0.11518324607329843	0.0
9	0.0	0.0	0.015706806282722512	0.9842931937172775
10	0.0	0.0	1.0	0.0
11	0.9842931937172775	0.0	0.015706806282722512	0.0
12	0.9109947643979057	0.010471204188481676	0.04712041884816754	0.031413612565445025
13	0.015706806282722512	0.05235602094240838	0.02617801047120419	0.9057591623036649
14	0.03664921465968586	0.03664921465968586	0.8952879581151832	0.031413612565445025
15	0.8743455497382199	0.05759162303664921	0.020942408376963352	0.04712041884816754
