Pos	A	C	G	T
1	0.517948717948718	0.010256410256410256	0.46153846153846156	0.010256410256410256
2	0.5846153846153846	0.005128205128205128	0.41025641025641024	0.0
3	0.3487179487179487	0.06666666666666667	0.5641025641025641	0.020512820512820513
4	0.5794871794871795	0.02564102564102564	0.37948717948717947	0.015384615384615385
5	0.5384615384615384	0.035897435897435895	0.4256410256410256	0.0
6	0.7384615384615385	0.0	0.24615384615384617	0.015384615384615385
7	0.14358974358974358	0.06153846153846154	0.7948717948717948	0.0
8	0.5333333333333333	0.0	0.4666666666666667	0.0
9	0.5384615384615384	0.07179487179487179	0.38974358974358975	0.0
10	0.8051282051282052	0.0	0.1282051282051282	0.06666666666666667
11	0.1282051282051282	0.03076923076923077	0.8	0.041025641025641026
12	0.4	0.0	0.5230769230769231	0.07692307692307693
13	0.6615384615384615	0.041025641025641026	0.29743589743589743	0.0
14	0.7692307692307693	0.0	0.2205128205128205	0.010256410256410256
15	0.2	0.05641025641025641	0.7435897435897436	0.0
