Pos	A	C	G	T
1	0.16535433070866143	0.7283464566929134	0.027559055118110236	0.07874015748031496
2	0.015748031496062992	0.1141732283464567	0.8661417322834646	0.003937007874015748
3	0.047244094488188976	0.0	0.937007874015748	0.015748031496062992
4	0.9881889763779528	0.003937007874015748	0.007874015748031496	0.0
5	0.003937007874015748	0.9881889763779528	0.003937007874015748	0.003937007874015748
6	0.0	0.7677165354330708	0.08661417322834646	0.14566929133858267
7	0.1968503937007874	0.4763779527559055	0.1968503937007874	0.12992125984251968
8	0.3858267716535433	0.2125984251968504	0.2952755905511811	0.1062992125984252
9	0.4409448818897638	0.03543307086614173	0.452755905511811	0.07086614173228346
10	0.15748031496062992	0.16141732283464566	0.515748031496063	0.16535433070866143
11	0.3779527559055118	0.07480314960629922	0.2795275590551181	0.2677165354330709
12	0.003937007874015748	0.0	0.9881889763779528	0.007874015748031496
13	0.594488188976378	0.003937007874015748	0.3858267716535433	0.015748031496062992
14	0.39763779527559057	0.07086614173228346	0.5275590551181102	0.003937007874015748
15	0.4094488188976378	0.09055118110236221	0.5	0.0
16	0.5275590551181102	0.23228346456692914	0.18503937007874016	0.05511811023622047
17	0.051181102362204724	0.9015748031496063	0.031496062992125984	0.015748031496062992
18	0.3779527559055118	0.17716535433070865	0.12598425196850394	0.3188976377952756
19	0.1062992125984252	0.20078740157480315	0.5433070866141733	0.14960629921259844
