Pos	A	C	G	T
1	0.8173076923076923	0.003205128205128205	0.15705128205128205	0.022435897435897436
2	0.6378205128205128	0.0	0.34935897435897434	0.01282051282051282
3	0.4519230769230769	0.01282051282051282	0.532051282051282	0.003205128205128205
4	0.20192307692307693	0.0	0.7852564102564102	0.01282051282051282
5	0.8012820512820513	0.028846153846153848	0.16987179487179488	0.0
6	0.7275641025641025	0.01282051282051282	0.2532051282051282	0.00641025641025641
7	0.4391025641025641	0.00641025641025641	0.5416666666666666	0.01282051282051282
8	0.125	0.009615384615384616	0.8653846153846154	0.0
9	0.7884615384615384	0.01282051282051282	0.1794871794871795	0.019230769230769232
10	0.6923076923076923	0.009615384615384616	0.2916666666666667	0.00641025641025641
11	0.4583333333333333	0.003205128205128205	0.5032051282051282	0.035256410256410256
12	0.18269230769230768	0.02564102564102564	0.7692307692307693	0.022435897435897436
13	0.8269230769230769	0.00641025641025641	0.15705128205128205	0.009615384615384616
14	0.6314102564102564	0.01282051282051282	0.3557692307692308	0.0
15	0.4423076923076923	0.0	0.5448717948717948	0.01282051282051282
16	0.14423076923076922	0.01282051282051282	0.8333333333333334	0.009615384615384616
17	0.8621794871794872	0.0	0.11538461538461539	0.022435897435897436
18	0.6923076923076923	0.0	0.2916666666666667	0.016025641025641024
19	0.5961538461538461	0.0	0.3942307692307692	0.009615384615384616
20	0.11538461538461539	0.0	0.8846153846153846	0.0
21	0.8173076923076923	0.041666666666666664	0.13782051282051283	0.003205128205128205
22	0.7147435897435898	0.003205128205128205	0.27884615384615385	0.003205128205128205
23	0.5769230769230769	0.0	0.4166666666666667	0.00641025641025641
24	0.25961538461538464	0.0	0.7339743589743589	0.00641025641025641
25	0.8653846153846154	0.00641025641025641	0.12179487179487179	0.00641025641025641
