Pos	A	C	G	T
1	0.046153846153846156	0.05	0.15	0.7538461538461538
2	0.10384615384615385	0.026923076923076925	0.8346153846153846	0.03461538461538462
3	0.8923076923076924	0.026923076923076925	0.05	0.03076923076923077
4	0.6230769230769231	0.04230769230769231	0.28076923076923077	0.05384615384615385
5	0.019230769230769232	0.046153846153846156	0.11538461538461539	0.8192307692307692
6	0.04230769230769231	0.0	0.9153846153846154	0.04230769230769231
7	0.9423076923076923	0.03461538461538462	0.023076923076923078	0.0
8	0.8115384615384615	0.0	0.14615384615384616	0.04230769230769231
9	0.007692307692307693	0.08461538461538462	0.10384615384615385	0.8038461538461539
10	0.15	0.007692307692307693	0.8423076923076923	0.0
11	0.9769230769230769	0.0038461538461538464	0.019230769230769232	0.0
12	0.7538461538461538	0.011538461538461539	0.23461538461538461	0.0
13	0.0038461538461538464	0.03461538461538462	0.08076923076923077	0.8807692307692307
14	0.023076923076923078	0.015384615384615385	0.9230769230769231	0.038461538461538464
15	0.8384615384615385	0.046153846153846156	0.07307692307692308	0.04230769230769231
