Pos	A	C	G	T
1	0.957983193277311	0.029411764705882353	0.012605042016806723	0.0
2	0.8907563025210085	0.025210084033613446	0.07563025210084033	0.008403361344537815
3	0.029411764705882353	0.058823529411764705	0.04201680672268908	0.8697478991596639
4	0.058823529411764705	0.0	0.9285714285714286	0.012605042016806723
5	0.9621848739495799	0.02100840336134454	0.012605042016806723	0.004201680672268907
6	0.8697478991596639	0.0	0.10084033613445378	0.029411764705882353
7	0.0	0.06302521008403361	0.04201680672268908	0.8949579831932774
8	0.07983193277310924	0.004201680672268907	0.9033613445378151	0.012605042016806723
9	0.9789915966386554	0.02100840336134454	0.0	0.0
10	0.8235294117647058	0.0	0.17647058823529413	0.0
11	0.004201680672268907	0.0546218487394958	0.0	0.9411764705882353
12	0.03361344537815126	0.01680672268907563	0.9327731092436975	0.01680672268907563
13	0.8949579831932774	0.03361344537815126	0.058823529411764705	0.012605042016806723
14	0.7773109243697479	0.004201680672268907	0.14705882352941177	0.07142857142857142
15	0.1134453781512605	0.058823529411764705	0.1092436974789916	0.7184873949579832
16	0.06302521008403361	0.03361344537815126	0.7899159663865546	0.1134453781512605
17	0.7436974789915967	0.07563025210084033	0.13445378151260504	0.046218487394957986
18	0.6722689075630253	0.10504201680672269	0.18067226890756302	0.04201680672268908
19	0.06722689075630252	0.11764705882352941	0.11764705882352941	0.6974789915966386
20	0.15126050420168066	0.05042016806722689	0.6890756302521008	0.1092436974789916
