Pos	A	C	G	T
1	0.8284960422163589	0.0079155672823219	0.16094986807387862	0.002638522427440633
2	0.38258575197889183	0.0079155672823219	0.18733509234828497	0.42216358839050133
3	0.19261213720316622	0.013192612137203167	0.7730870712401056	0.021108179419525065
4	0.20580474934036938	0.0158311345646438	0.7783641160949868	0.0
5	0.8654353562005277	0.013192612137203167	0.12137203166226913	0.0
6	0.31398416886543534	0.023746701846965697	0.23482849604221637	0.42744063324538256
7	0.14511873350923482	0.002638522427440633	0.8390501319261213	0.013192612137203167
8	0.16094986807387862	0.010554089709762533	0.8179419525065963	0.010554089709762533
9	0.9023746701846965	0.0	0.0870712401055409	0.010554089709762533
10	0.32189973614775724	0.04221635883905013	0.21635883905013192	0.41952506596306066
11	0.22955145118733508	0.002638522427440633	0.7255936675461742	0.04221635883905013
12	0.1820580474934037	0.03430079155672823	0.7730870712401056	0.010554089709762533
13	0.8021108179419525	0.03430079155672823	0.1345646437994723	0.029023746701846966
14	0.33773087071240104	0.0158311345646438	0.22163588390501318	0.42480211081794195
15	0.13192612137203166	0.018469656992084433	0.8496042216358839	0.0
16	0.16886543535620052	0.010554089709762533	0.820580474934037	0.0
17	0.8364116094986808	0.002638522427440633	0.15567282321899736	0.005277044854881266
18	0.42744063324538256	0.03430079155672823	0.1345646437994723	0.40369393139841686
19	0.17941952506596306	0.005277044854881266	0.8073878627968337	0.0079155672823219
20	0.20844327176781002	0.0079155672823219	0.783641160949868	0.0
21	0.8891820580474934	0.013192612137203167	0.09234828496042216	0.005277044854881266
22	0.27440633245382584	0.0158311345646438	0.2717678100263852	0.43799472295514513
23	0.20052770448548812	0.0079155672823219	0.7783641160949868	0.013192612137203167
24	0.15303430079155672	0.0	0.841688654353562	0.005277044854881266
25	0.8891820580474934	0.0	0.11081794195250659	0.0
26	0.31926121372031663	0.0	0.2717678100263852	0.40897097625329815
