Pos	A	C	G	T
1	0.305995875769358	0.0819179246619548	0.578730303650416	0.033355895918271
2	0.0379995907252035	0.0786909503045949	0.0470666016024682	0.836242857367733
3	0.00373069718387457	0.986446707699089	0.00654839674469123	0.00327419837234562
4	0.968847891447731	0.0118217450847671	0.00738268767610622	0.0119476757913958
5	0.00492703889684701	0.751932249279834	0.0179451256945866	0.225195586128733
6	0.225132620775418	0.0179451256945866	0.751995214633148	0.00492703889684701
7	0.0119634171297244	0.00738268767610622	0.0118217450847671	0.968832150109402
8	0.00327419837234562	0.00654839674469123	0.986446707699089	0.00373069718387457
9	0.836227116029405	0.0470823429407968	0.0786594676279377	0.0380310734018606
10	0.0333716372565996	0.578667338297102	0.0819336660002833	0.306027358446015
