Pos	A	C	G	T
1	0.0621212121212121	0.725757575757576	0.121212121212121	0.0909090909090909
2	0.0393939393939394	0.634848484848485	0.0984848484848485	0.227272727272727
3	0.0439393939393939	0.831818181818182	0.0939393939393939	0.0303030303030303
4	0.0257575757575758	0.0212121212121212	0.921212121212121	0.0318181818181818
5	0.00909090909090909	0.940909090909091	0.0393939393939394	0.0106060606060606
6	0.0166666666666667	0.592424242424242	0.0424242424242424	0.348484848484849
7	0.0212121212121212	0.906060606060606	0.0515151515151515	0.0212121212121212
8	0.0181818181818182	0.915151515151515	0.0348484848484849	0.0318181818181818
9	0.0333333333333333	0.0287878787878788	0.878787878787879	0.0590909090909091
10	0.0287878787878788	0.892424242424242	0.053030303030303	0.0257575757575758
