Pos	A	C	G	T
1	0.172432019733365	0.126622423210196	0.654607388265696	0.0463381687907441
2	0.0329476713455101	0.04287308392553	0.0298349679920127	0.894344276736947
3	0.0254301990955541	0.0610207317789393	0.874082339813238	0.0394667293122688
4	0.921536383391085	0.0184412991131732	0.0365302167146297	0.0234921007811124
5	0.0304222705115405	0.823750513889705	0.0529159570094556	0.0929112585892994
6	0.0929112585892993	0.0526810360016444	0.824044165149469	0.0303635402595877
7	0.0235508310330651	0.0363540259587714	0.0183825688612204	0.921712574146943
8	0.0394667293122688	0.874082339813238	0.0609620015269866	0.0254889293475069
9	0.894579197744758	0.0297175074881071	0.04287308392553	0.0328302108416045
10	0.0462794385387913	0.65448992776179	0.126798613966054	0.172432019733365
