Pos	A	C	G	T
1	0.0621845147075749	0.241470593071244	0.620348904125356	0.0759959880958253
2	0.0121014814449432	0.938982883638337	0.0373731892993966	0.0115424456173235
3	0.00792515496801986	0.947351978822408	0.0338709942616617	0.010851871947911
4	0.0224765287163551	0.091073513211332	0.0807313504003683	0.805718607671945
5	0.0217530705864944	0.0499186109603907	0.90797283743567	0.0203554810174452
6	0.839507390782486	0.0778210756507013	0.0648481560038804	0.0178233775629326
7	0.01437050921587	0.0244331541130239	0.95356714184712	0.00762919482398593
8	0.0117397523800128	0.0258965126029695	0.952268205659416	0.0100955293576021
9	0.0709153389565761	0.703036879922393	0.16223548562127	0.0638122954997616
