Pos	A	C	G	T
1	0.707146291621589	0.0843851424450054	0.184337059742758	0.0241315061906479
2	0.00393677124654406	0.00336578915735064	0.00210361822334415	0.990593821372761
3	0.00387666786873422	0.00222382497896382	0.00507873542493088	0.988820771727371
4	0.158222142084385	0.00315542733501623	0.691188844813078	0.14743358576752
5	0.00333573746844573	0.990443562928237	0.00153263613415074	0.00468806346916697
6	0.933976439475899	0.0098569539608126	0.0488640461593942	0.0073025604038947
7	0.0128921745402092	0.0163180670753696	0.00652121649236687	0.964268541892054
8	0.0160776535641303	0.971120326962375	0.00595023440317346	0.00685178507032095
9	0.964508955403294	0.00892535160476019	0.0115999519172978	0.0149657410746484
10	0.0193532876547662	0.179408582762351	0.173728813559322	0.627509316023561
