Pos	A	C	G	T
1	0.05555555555555555	0.7222222222222222	0.05555555555555555	0.16666666666666666
2	0.0	0.14814814814814814	0.07407407407407407	0.7777777777777778
3	0.05555555555555555	0.12962962962962962	0.1111111111111111	0.7037037037037037
4	0.09259259259259259	0.09259259259259259	0.7222222222222222	0.09259259259259259
5	0.018518518518518517	0.7407407407407407	0.09259259259259259	0.14814814814814814
6	0.018518518518518517	0.8888888888888888	0.018518518518518517	0.07407407407407407
7	0.018518518518518517	0.6481481481481481	0.0	0.3333333333333333
8	0.7222222222222222	0.018518518518518517	0.2222222222222222	0.037037037037037035
9	0.7962962962962963	0.018518518518518517	0.07407407407407407	0.1111111111111111
10	0.2222222222222222	0.018518518518518517	0.7222222222222222	0.037037037037037035
11	0.05555555555555555	0.0	0.9444444444444444	0.0
12	0.018518518518518517	0.14814814814814814	0.018518518518518517	0.8148148148148148
13	0.0	0.9074074074074074	0.0	0.09259259259259259
14	0.8888888888888888	0.018518518518518517	0.09259259259259259	0.0
15	0.0	1.0	0.0	0.0
16	0.9444444444444444	0.018518518518518517	0.0	0.037037037037037035
17	0.0	0.9814814814814815	0.018518518518518517	0.0
18	1.0	0.0	0.0	0.0
19	0.0	0.0	1.0	0.0
