Pos	A	C	G	T
1	0.133757020396098	0.567395802542122	0.182530298551581	0.116316878510198
2	0.13508720070943	0.0598581140999113	0.0471475022169672	0.757907182973692
3	0.0240910434525569	0.0195093112621933	0.92403192432752	0.0323677209577298
4	0.0424179722140112	0.808158439255099	0.035619272834762	0.113804315696128
5	0.673810227608631	0.0926692284954183	0.0576411469110257	0.175879396984925
6	0.245048773278155	0.170706473544192	0.490984333431865	0.0932604197457878
7	0.0874963050546852	0.14572864321608	0.0843925509902453	0.682382500738989
8	0.167454921667159	0.114838900384274	0.262045521726278	0.455660656222288
9	0.106414425066509	0.5872007094295	0.112917528820573	0.193467336683417
10	0.11454330475909	0.578332840673958	0.0804020100502513	0.226721844516701
11	0.303724504877328	0.273573751108484	0.168637304167898	0.25406443984629
12	0.217706177948566	0.283032811114395	0.307271652379545	0.191989358557493
13	0.2422406148389	0.341117351463198	0.21297664794561	0.203665385752291
14	0.28953591486846	0.208690511380432	0.211203074194502	0.290570499556607
15	0.231894767957434	0.211498669819687	0.323972805202483	0.232633757020396
16	0.122228791013893	0.365060597103163	0.139225539462016	0.373485072420928
17	0.21918415607449	0.205734555128584	0.335353236772096	0.23972805202483
18	0.243718592964824	0.116908069760568	0.465858705291162	0.173514631983447
19	0.107892403192433	0.74903931421815	0.0765592669228495	0.0665090156665681
20	0.0331067100206917	0.934229973396394	0.0116760271947975	0.0209872893881171
21	0.633018031333136	0.0527638190954774	0.138190954773869	0.176027194797517
22	0.0639964528524978	0.524830032515519	0.366981968666864	0.0441915459651197
23	0.184895063553059	0.406148389003843	0.0913390481820869	0.317617499261011
24	0.770322199231451	0.0360626662725392	0.116316878510198	0.0772982559858114
25	0.0310375406443985	0.0168489506355306	0.94398462902749	0.00812887969258055
26	0.36860774460538	0.0127106118829441	0.603754064439846	0.0149275790718297
27	0.0731599172332249	0.0375406443984629	0.515370972509607	0.373928465858705
28	0.0342890925214307	0.0112326337570204	0.934968962459356	0.0195093112621933
29	0.0512858409695537	0.0563109665976943	0.798994974874372	0.0934082175583801
30	0.152822938220514	0.696866686373042	0.0363582618977239	0.11395211350872
31	0.404522613065327	0.0688737806680461	0.45580845403488	0.070795152231747
