Pos	A	C	G	T
1	0.0325797418209139	0.851649477494707	0.102178812922615	0.0135919677617649
2	0.170070350385903	0.771327095143774	0.0426200396147804	0.0159825148555427
3	0.0118161327778157	0.0143432825626665	0.965098012430845	0.00874257222867291
4	0.00778635339116181	0.0111331193224507	0.972542859094324	0.00853766819206339
5	0.946246841062769	0.0187145686770029	0.0228809507547299	0.0121576395054983
6	0.937026159415341	0.0234273615190219	0.0178266511850283	0.0217198278806093
7	0.0429615463424629	0.0485622566764565	0.895567242674681	0.0129089543063998
8	0.0779318352571546	0.234478519226829	0.110853083805751	0.576736561710266
9	0.119117546615668	0.16972884365822	0.624410900894748	0.086742708831364
