Pos	A	C	G	T
1	0.0239558509971153	0.00846607299636273	0.952715414524019	0.0148626614825035
2	0.0143609682679042	0.0113508089803085	0.962122162297755	0.0121660604540324
3	0.95528659224884	0.0210084033613445	0.0136711400978302	0.0100338642919855
4	0.939169697729838	0.0159287595635269	0.0238304276934654	0.0210711150131694
5	0.0297880346168318	0.888185124796187	0.0576320080270914	0.0243948325598896
6	0.928195158660479	0.0259626238555124	0.0258999122036874	0.0199423052803211
7	0.0185626489401731	0.0169948576445504	0.946381537689703	0.0180609557255738
8	0.222187382415653	0.639721560265897	0.0460930640913082	0.0919979932271416
9	0.577323466700113	0.159287595635269	0.193653580835319	0.0697353568292989
