Pos	A	C	G	T
1	0.0363180964308078	0.168440826549781	0.0914214151534126	0.703819661865999
2	0.047589229805886	0.855353788353162	0.0313087038196619	0.0657482780212899
3	0.906367041198502	0.0187265917602996	0.0586766541822721	0.0162297128589263
4	0.0211970074812968	0.027431421446384	0.945137157107232	0.00623441396508728
5	0.07601246105919	0.609345794392523	0.201246105919003	0.113395638629284
6	0.980697384806974	0.00435865504358655	0.0074719800747198	0.0074719800747198
7	0.00186799501867995	0.987546699875467	0.0074719800747198	0.00311332503113325
8	0.0217932752179328	0.922166874221669	0.012453300124533	0.0435865504358655
9	0.568847352024922	0.125233644859813	0.100934579439252	0.204984423676012
10	0.136533665835411	0.233790523690773	0.0773067331670823	0.552369077306733
11	0.0243142144638404	0.0043640897755611	0.966957605985037	0.0043640897755611
12	0.0124688279301746	0.00311720698254364	0.983167082294264	0.00124688279301746
13	0.877105427323768	0.0698689956331878	0.0212102308172177	0.0318153462258266
14	0.008125	0.8	0.145625	0.04625
15	0.98375	0.005625	0.004375	0.00625
16	0.0263488080301129	0.0081555834378921	0.959849435382685	0.00564617314930991
17	0.128688010043942	0.632140615191463	0.114877589453861	0.124293785310734
18	0.229899497487437	0.0194723618090452	0.4321608040201	0.318467336683417
19	0.133962264150943	0.586792452830189	0.20062893081761	0.0786163522012579
20	0.112578616352201	0.70062893081761	0.0232704402515723	0.163522012578616
