Pos	A	C	G	T
1	0.0441682452545715	0.0643097382765686	0.840027834692852	0.051494181776008
2	0.0842965941160552	0.85075578922952	0.0371322534503421	0.0278153632040824
3	0.0369196273243901	0.0244906637801059	0.0170487493717864	0.921540959523717
4	0.0210113271736189	0.0184984729578227	0.925348900143039	0.035141299725519
5	0.904588858391	0.020895349286736	0.0219004909730545	0.0526153013492094
6	0.04917462403835	0.146383422894035	0.756272470715584	0.0481694823520315
7	0.0246259713148027	0.0252445200448448	0.0322805118490741	0.917848996791279
8	0.0495805466424402	0.902597904666177	0.0264042989136738	0.021417249777709
9	0.918003633973789	0.0204507673870182	0.0303088877720648	0.031236710867128
10	0.0761394827386245	0.129624618239456	0.521900490973054	0.272335408048865
