Pos	A	C	G	T
1	0.659367902775611	0.113260865796363	0.180284669128483	0.047086562299544
2	0.00629323347376086	0.00981258993429379	0.00596383557844004	0.977930341013505
3	0.00969123281496507	0.00481961131048352	0.931173176609282	0.0543159792652693
4	0.9684298122432	0.0103673653369394	0.00282588720722595	0.018376935212635
5	0.0449194708829597	0.149355940430991	0.7613945666684	0.0443300220176488
6	0.00523569286246771	0.00495830516114492	0.00497564189247759	0.98483036008391
7	0.038938298573187	0.946914928659351	0.00521835613113504	0.00892841663632739
8	0.984344931606595	0.00317262183387944	0.00797489641303029	0.00450755014649538
9	0.0484561640748253	0.227579272204019	0.116208110122917	0.607756453598239
