Pos	A	C	G	T
1	0.756161253468255	0.0744246776562755	0.095315815244002	0.0740982536314673
2	0.0305206463195691	0.370164844132528	0.0594091725150971	0.539905337032806
3	0.9880855230945	0.00865023665741799	0.00326424024808226	0.0
4	0.00293781622327403	0.000816060062020565	0.994287579565856	0.00195854414884936
5	0.0	0.0	0.0	1.0
6	0.992165823404603	0.00783417659539742	0.0	0.0
7	0.00195854414884936	0.0164844132528154	0.976007834176595	0.00554920842173984
8	0.00212175616125347	0.00195854414884936	0.991512975354986	0.00440672433491105
9	0.0987432675044883	0.212665252162559	0.122409009303085	0.566182471029868
