Pos	A	C	G	T
1	0.672176308539945	0.0385674931129477	0.28236914600551	0.0068870523415978
2	0.0	0.0	0.0	1.0
3	0.0	0.0	0.979338842975207	0.0206611570247934
4	1.0	0.0	0.0	0.0
5	0.0275482093663912	0.734159779614325	0.162534435261708	0.0757575757575758
6	0.115702479338843	0.0275482093663912	0.0220385674931129	0.834710743801653
7	0.0895316804407714	0.756198347107438	0.0633608815426997	0.0909090909090909
8	0.794765840220386	0.00413223140495868	0.12396694214876	0.0771349862258953
9	0.0137741046831956	0.0151515151515152	0.961432506887052	0.00964187327823692
10	0.00550964187327824	0.962809917355372	0.0261707988980716	0.00550964187327824
11	0.858126721763085	0.0358126721763085	0.0426997245179063	0.0633608815426997
