Pos	A	C	G	T
1	0.105366550584874	0.184302169836593	0.635235288865077	0.0750959907134566
2	0.106259487454237	0.171801053665506	0.646396999732119	0.0755424591481382
3	0.0966157692651129	0.0350031252790428	0.828913295829985	0.0394678096258594
4	0.0415215644253951	0.0410750959907135	0.885971961782302	0.0314313778015894
5	0.00598267702473435	0.0100008929368694	0.978123046700598	0.00589338333779802
6	0.896508616840789	0.0903652111795696	0.00125011161710867	0.0118760603625324
7	0.00589338333779802	0.0188409679435664	0.967318510581302	0.00794713813733369
8	0.0121439414233414	0.0358067684614698	0.939905348691847	0.0121439414233414
9	0.0178587373872667	0.0420573265470131	0.928297169390124	0.011786766675596
10	0.0100901866238057	0.0183052058219484	0.964282525225467	0.00732208232877936
