Pos	A	C	G	T
1	0.824427480916031	0.033587786259542	0.0793893129770992	0.0625954198473282
2	0.290076335877863	0.0427480916030534	0.108396946564885	0.558778625954198
3	0.114503816793893	0.174045801526718	0.0610687022900763	0.650381679389313
4	0.0946564885496183	0.0351145038167939	0.102290076335878	0.76793893129771
5	0.196946564885496	0.0137404580152672	0.777099236641221	0.0122137404580153
6	0.769465648854962	0.0290076335877863	0.16793893129771	0.033587786259542
7	0.0244274809160305	0.050381679389313	0.0152671755725191	0.909923664122137
8	0.0809160305343511	0.0122137404580153	0.847328244274809	0.0595419847328244
9	0.945038167938931	0.0152671755725191	0.0274809160305344	0.0122137404580153
10	0.923664122137405	0.0473282442748092	0.0137404580152672	0.0152671755725191
11	0.929770992366412	0.00152671755725191	0.0656488549618321	0.00305343511450382
12	0.0381679389312977	0.00763358778625954	0.929770992366412	0.0244274809160305
13	0.919083969465649	0.016793893129771	0.050381679389313	0.0137404580152672
14	0.0244274809160305	0.79236641221374	0.0106870229007634	0.172519083969466
15	0.981679389312977	0.00305343511450382	0.00763358778625954	0.00763358778625954
16	0.00458015267175573	0.0854961832061069	0.0137404580152672	0.89618320610687
17	0.383206106870229	0.138931297709924	0.380152671755725	0.0977099236641221
18	0.925190839694656	0.0244274809160305	0.0274809160305344	0.0229007633587786
19	0.945038167938931	0.016793893129771	0.0244274809160305	0.0137404580152672
20	0.119083969465649	0.212213740458015	0.0534351145038168	0.615267175572519
21	0.317557251908397	0.552671755725191	0.0229007633587786	0.106870229007634
22	0.00305343511450382	0.222900763358779	0.0946564885496183	0.679389312977099
23	0.900763358778626	0.0183206106870229	0.0412213740458015	0.0396946564885496
24	0.114503816793893	0.812213740458015	0.0152671755725191	0.0580152671755725
25	0.981679389312977	0.0	0.00763358778625954	0.0106870229007634
26	0.227480916030534	0.229007633587786	0.393893129770992	0.149618320610687
27	0.836641221374046	0.0152671755725191	0.083969465648855	0.0641221374045802
28	0.0290076335877863	0.0534351145038168	0.0213740458015267	0.89618320610687
29	0.099236641221374	0.488549618320611	0.0381679389312977	0.374045801526718
