Pos	A	C	G	T
1	0.112650871703174	0.145283862315601	0.595887349128297	0.146177916852928
2	0.898971837282074	0.0268216361198033	0.0603486812695574	0.013857845328565
3	0.948144836835047	0.0151989271345552	0.0259275815824765	0.0107286544479213
4	0.8681269557443	0.0210102816271793	0.0894054537326777	0.0214573088958426
5	0.805096110862763	0.0616897630755476	0.067948144836835	0.0652659812248547
6	0.029950827000447	0.867679928475637	0.0451497541350022	0.0572194903889137
7	0.0992400536432722	0.843093428699151	0.0478319177469826	0.00983459991059455
8	0.0983459991059455	0.161376843987483	0.0125167635225749	0.727760393383996
9	0.00849351810460438	0.00312919088064372	0.983012963790791	0.00536432722396066
10	0.0286097451944569	0.0102816271792579	0.950379973178364	0.0107286544479213
11	0.684398748323648	0.140366562360304	0.0983459991059455	0.0768886902101028
