Pos	A	C	G	T
1	0.145345345345345	0.0690690690690691	0.655255255255255	0.13033033033033
2	0.0366366366366366	0.0594594594594595	0.731531531531531	0.172372372372372
3	0.0156156156156156	0.944144144144144	0.021021021021021	0.0192192192192192
4	0.0222222222222222	0.0438438438438438	0.0156156156156156	0.918318318318318
5	0.0108108108108108	0.00960960960960961	0.973573573573574	0.00600600600600601
6	0.0126126126126126	0.00840840840840841	0.966966966966967	0.012012012012012
7	0.015015015015015	0.0108108108108108	0.965165165165165	0.00900900900900901
8	0.947747747747748	0.0138138138138138	0.0246246246246246	0.0138138138138138
9	0.414414414414414	0.0486486486486487	0.0396396396396396	0.497297297297297
