Pos	A	C	G	T
1	0.0866425992779783	0.0388086642599278	0.775270758122744	0.0992779783393502
2	0.36101083032491	0.0694945848375451	0.0812274368231047	0.48826714801444
3	0.946750902527076	0.0162454873646209	0.00541516245487365	0.0315884476534296
4	0.971119133574007	0.0072202166064982	0.00902527075812274	0.0126353790613718
5	0.0388086642599278	0.865523465703971	0.0108303249097473	0.0848375451263538
6	0.101083032490975	0.786101083032491	0.0279783393501805	0.0848375451263538
7	0.046028880866426	0.0415162454873646	0.0270758122743682	0.885379061371841
8	0.0433212996389892	0.00812274368231047	0.925090252707581	0.0234657039711191
9	0.965703971119134	0.00631768953068592	0.00992779783393502	0.0180505415162455
