Pos	A	C	G	T
1	0.144002375296912	0.678592636579572	0.027167458432304	0.150237529691211
2	0.947595011876485	0.00905581947743468	0.0323634204275534	0.0109857482185273
3	0.0118764845605701	0.0102434679334917	0.0123218527315914	0.965558194774347
4	0.340706650831354	0.531472684085511	0.0374109263657957	0.0904097387173397
5	0.900089073634204	0.0498812351543943	0.00489904988123515	0.0451306413301663
6	0.907363420427554	0.0317695961995249	0.0285035629453682	0.0323634204275534
7	0.018853919239905	0.01291567695962	0.00935273159144893	0.958877672209026
8	0.0231591448931116	0.945219714964371	0.00905581947743468	0.0225653206650831
9	0.806561757719715	0.0414192399049881	0.0225653206650831	0.129453681710214
