Pos	A	C	G	T
1	0.0701618695099718	0.0221534721838572	0.0445831722004309	0.86310148610574
2	0.108833766090271	0.00834208054803602	0.867244903596486	0.0155792497652063
3	0.0181205458261974	0.0227059278492901	0.0119330423733495	0.947240483951163
4	0.0202198773548423	0.0103309209435943	0.0185625103585437	0.95088669134302
5	0.0112700955748301	0.00618750345284791	0.030827026131153	0.951715374841169
6	0.899618805590851	0.0231478923816364	0.0166289155295288	0.0606043864979835
7	0.0264626263742335	0.809237058726037	0.0202751229213856	0.144025191978344
8	0.709850284514668	0.0757416717308436	0.0495000276227833	0.164908016131705
9	0.153858902823048	0.116402408706701	0.113308656980277	0.616430031489973
10	0.469200596652119	0.0883376609027126	0.087067012872217	0.355394729572952
