Pos	A	C	G	T
1	0.0974075006292474	0.833375283161339	0.0490812987666751	0.0201359174427385
2	0.577900830606594	0.148082892860139	0.0695528148334592	0.204463461699807
3	0.0113264535615404	0.962832452386945	0.0157731353301452	0.0100679587213692
4	0.929104790670358	0.0328047655004615	0.0156053360181223	0.022485107811058
5	0.0117459518415974	0.0191291215706016	0.963503649635037	0.00562127695276449
6	0.00671197248091283	0.945716922560618	0.0225690074670694	0.0250020974914003
7	0.891433845121235	0.00990015940934642	0.0616662471683866	0.036999748301032
8	0.0161087339541908	0.0111586542495176	0.938333752831613	0.0343988589646783
9	0.0080543669770954	0.0171155298263277	0.96190955617082	0.0129205470257572
