Pos	A	C	G	T
1	0.175827800915426	0.583872829986392	0.191291080780174	0.0490082883180075
2	0.915879757535772	0.0410086182013113	0.0271122840295246	0.0159993402333924
3	0.00979341058100697	0.00975217516803431	0.971238299451569	0.00921611479938972
4	0.0163498412436601	0.011669621871263	0.958331615191126	0.0136489216939508
5	0.951981361593336	0.0196692919879593	0.0194424972166096	0.00890684920209476
6	0.931817244649705	0.0158343985815018	0.0282050224733001	0.024143334295493
7	0.095521834151169	0.0281431693538411	0.864912787101563	0.0114222093934271
8	0.0660591315822028	0.0539153024617542	0.0420601212321141	0.837965444723929
9	0.205166797245474	0.0849861861366542	0.576739103542122	0.133107913075749
