Pos	A	C	G	T
1	0.00746353908838201	0.970907429267735	0.0143178096797532	0.00731122196412932
2	0.019534671185408	0.923498724344084	0.00986253379536194	0.0471040706751457
3	0.0165644872624805	0.957198888084993	0.00921518601728799	0.0170214386352386
4	0.732454971250143	0.142568828300522	0.0543391340771486	0.0706370663721869
5	0.729408628765089	0.0512927915920947	0.138418186664636	0.0808803929781806
6	0.0280644301435589	0.00910094817409847	0.955904192528845	0.00693042915349758
7	0.0485891626366094	0.00837744183389818	0.92860134800655	0.0144320475229428
8	0.0369749819123415	0.0220859830166406	0.918624576367998	0.0223144587030197
9	0.830204485739309	0.0547199268877804	0.0647728570884582	0.0503027302844522
