Pos	A	C	G	T
1	0.0670534724119642	0.0975907680933477	0.0554653723139234	0.779890387180765
2	0.988058310162491	0.00260370626336007	0.00572172487503817	0.0036162586991112
3	0.0118291840113149	0.00588244748388756	0.00396984843857986	0.978318520066218
4	0.0154293704495411	0.0197045918449348	0.00703965026760314	0.957826387437921
5	0.00666998826724955	0.00446808852601295	0.967244732316495	0.0216171908902425
6	0.983654510680017	0.00387341487327022	0.00472524470017197	0.00774682974654045
7	0.0109291374017583	0.0187402561918385	0.00575386939680805	0.964576737009595
8	0.0203796268021023	0.125267201337212	0.016249055754673	0.838104116106013
9	0.170189170510616	0.098828332181488	0.121425930985712	0.609556566322185
