Pos	A	C	G	T
1	0.617129155912583	0.117900395546664	0.183356495975809	0.0816139525649445
2	0.0765436246735595	0.7929259762672	0.0966416713755555	0.0338887276836848
3	0.880496036897326	0.0696559202186961	0.0235495349654088	0.0262985079185693
4	0.0131187098153606	0.0079414774202416	0.963774645306129	0.0151651674582691
5	0.0237938881168008	0.0175628827563035	0.937292872524015	0.0213503566028803
6	0.943111531941539	0.024939293513951	0.0187846485132638	0.0131645260312467
7	0.903892851143115	0.014737549443333	0.0220375998411705	0.059331999572382
8	0.102582507368775	0.0331251240855847	0.85010461369294	0.0141877548527009
9	0.0665556896104094	0.074420806670841	0.0609050229844683	0.798118480734281
10	0.144366896256815	0.10673651094244	0.632233235083004	0.116663357717742
