Pos	A	C	G	T
1	0.0	0.0	1.0	0.0
2	0.0190476190476191	0.0	0.980952380952381	0.0
3	0.990476190476191	0.0	0.00952380952380953	0.0
4	0.990476190476191	0.0	0.00952380952380953	0.0
5	0.00952380952380953	0.0	0.990476190476191	0.0
6	0.019047619047619	0.0	0.971428571428571	0.00952380952380952
7	0.980952380952381	0.0	0.0190476190476191	0.0
8	0.971428571428571	0.0	0.0285714285714286	0.0
9	0.0	0.0	0.990476190476191	0.00952380952380953
10	0.0	0.0190476190476191	0.980952380952381	0.0
11	0.942857142857143	0.0380952380952381	0.019047619047619	0.0
12	1.0	0.0	0.0	0.0
13	0.0	0.0	1.0	0.0
14	0.0	0.0190476190476191	0.980952380952381	0.0
15	0.952380952380952	0.0285714285714286	0.0	0.019047619047619
16	0.971428571428571	0.0	0.019047619047619	0.00952380952380952
17	0.0476190476190476	0.0	0.923809523809524	0.0285714285714286
18	0.0285714285714286	0.0285714285714286	0.923809523809524	0.019047619047619
