Pos	A	C	G	T
1	0.122089721749006	0.0431572969903464	0.754116978989211	0.0806360022714367
2	0.0153321976149915	0.951731970471323	0.00056785917092561	0.0323679727427598
3	0.365701306076093	0.00056785917092561	0.0	0.633730834752981
4	0.0	0.220329358319137	0.745031232254401	0.0346394094264622
5	0.401476433844407	0.0	0.0119250425894378	0.586598523566156
6	0.0	0.0	1.0	0.0
7	0.792163543441227	0.0159000567859171	0.191936399772856	0.0
8	0.0	0.00113571834185122	0.0	0.998864281658149
9	0.0	0.0	0.0	1.0
10	0.053946621237933	0.0590573537762635	0.248722316865417	0.638273708120386
