Pos	A	C	G	T
1	0.219275929549902	0.13385518590998	0.0969667318982388	0.549902152641879
2	0.0318003913894325	0.00665362035225049	0.0143835616438356	0.947162426614481
3	0.970547945205479	0.00665362035225049	0.0135029354207436	0.00929549902152642
4	0.989138943248532	0.00283757338551859	0.00313111545988258	0.00489236790606654
5	0.00919765166340509	0.000978473581213307	0.975048923679061	0.0147749510763209
6	0.0207436399217221	0.00185909980430528	0.00802348336594912	0.969373776908023
7	0.0213307240704501	0.00225048923679061	0.968688845401174	0.00772994129158513
8	0.101076320939335	0.147162426614481	0.496966731898239	0.254794520547945
9	0.230821917808219	0.112915851272016	0.108512720156556	0.547749510763209
10	0.204305283757339	0.143444227005871	0.0931506849315069	0.559099804305284
