Pos	A	C	G	T
1	0.0	0.918815663801337	0.00883476599808978	0.0723495702005731
2	0.0	0.00453677172874881	0.0	0.995463228271251
3	0.0	0.0167144221585482	0.00358166189111748	0.979703915950334
4	0.0	0.0	0.0	1.0
5	0.0	0.174068767908309	0.788920725883477	0.0370105062082139
6	0.967048710601719	0.0	0.0	0.0329512893982808
7	0.326408787010506	0.0	0.00620821394460363	0.66738299904489
8	0.0353390639923591	0.479465138490926	0.464899713467049	0.0202960840496657
9	0.101002865329513	0.133476599808978	0.0324737344794651	0.733046800382044
