Pos	A	C	G	T
1	0.113173381620643	0.0669986419194206	0.37845178813943	0.441376188320507
2	0.0131281122679946	0.756450882752377	0.0543232231779086	0.17609778180172
3	0.0	0.0144861928474423	0.0	0.985513807152558
4	0.946582163875057	0.0	0.0280669986419194	0.025350837483024
5	0.03168854685378	0.00181077410593029	0.0	0.96650067904029
6	0.0344047080126754	0.000905387052965142	0.0	0.964689904934359
7	0.00679040289723857	0.0393843368039837	0.0	0.953825260298778
8	0.104119511090991	0.1090991398823	0.0144861928474423	0.772295156179267
9	0.119058397464916	0.0334993209597103	0.115889542779538	0.731552738795835
10	0.554096876414667	0.0	0.445903123585333	0.0
11	0.152557718424627	0.0353100950656406	0.639203259393391	0.172928927116342
