Pos	A	C	G	T
1	0.0184782608695652	0.0195652173913043	0.0184782608695652	0.943478260869565
2	0.0333333333333333	0.0123188405797101	0.0123188405797101	0.942028985507246
3	0.0115942028985507	0.965942028985507	0.00833333333333333	0.0141304347826087
4	0.0268115942028985	0.788405797101449	0.0155797101449275	0.169202898550725
5	0.167391304347826	0.632608695652174	0.0460144927536232	0.153985507246377
6	0.896376811594203	0.0217391304347826	0.0543478260869565	0.027536231884058
7	0.0036231884057971	0.00579710144927536	0.984420289855072	0.00615942028985507
8	0.92536231884058	0.0126811594202899	0.0311594202898551	0.0307971014492754
9	0.965217391304348	0.00905797101449275	0.0181159420289855	0.00760869565217391
