Pos	A	C	G	T
1	0.0238173636263857	0.904840302930524	0.0229941828558885	0.0483481505872023
2	0.933541872461859	0.0246405443968829	0.0250246954231149	0.0167928877181429
3	0.861815387992537	0.0278235100428054	0.0864888596202393	0.0238722423444188
4	0.930907693996268	0.00943913950170124	0.0422017341674898	0.0174514323345407
5	0.0114147733508945	0.0180550982329053	0.944737130940621	0.025792997475579
6	0.0152014048951816	0.0124574689935243	0.0461530018658764	0.926188124245418
7	0.0613544067610581	0.81862583690045	0.0382504664691033	0.0817692898693887
8	0.0309515969706948	0.905224453956756	0.0124025902754912	0.0514213587970585
9	0.771210624519811	0.0653056744594446	0.0712874547250576	0.0921962462956865
