Pos	A	C	G	T
1	0.0	0.0	0.0	1.0
2	0.00701943844492441	0.0	0.0	0.992980561555076
3	0.0658747300215983	0.907127429805616	0.0	0.0269978401727862
4	0.0377969762419006	0.650107991360691	0.0	0.312095032397408
5	0.3585313174946	0.0113390928725702	0.118250539956803	0.511879049676026
6	0.177105831533477	0.288336933045356	0.48488120950324	0.0496760259179266
7	0.622570194384449	0.00161987041036717	0.224622030237581	0.151187904967603
8	0.0140388768898488	0.0	0.969762419006479	0.0161987041036717
9	1.0	0.0	0.0	0.0
10	0.998380129589633	0.0	0.00161987041036717	0.0
