Pos	A	C	G	T
1	0.0654368256178211	0.289940828402367	0.0971110337626175	0.547511312217195
2	0.0	0.0	0.0	1.0
3	0.0	0.0	0.0	1.0
4	0.0	0.984336930038288	0.0	0.0156630699617125
5	0.00208840932822833	0.742777584406544	0.0	0.255134006265228
6	0.0598677340758789	0.425687434737208	0.00974591019839889	0.504698920988514
7	0.349112426035503	0.02506091193874	0.518969718064741	0.106856943961016
8	0.0	0.00417681865645667	0.775844065436826	0.219979115906718
9	0.806822137138879	0.184128089105465	0.0	0.00904977375565611
10	0.995127044900801	0.0	0.000696136442742778	0.00417681865645667
