Pos	A	C	G	T
1	0.0742690058479532	0.0645614035087719	0.796608187134503	0.0645614035087719
2	0.0249122807017544	0.0396491228070176	0.0301754385964912	0.905263157894737
3	0.0252631578947368	0.0154385964912281	0.0136842105263158	0.945614035087719
4	0.0396491228070175	0.0419883040935672	0.874152046783626	0.0442105263157895
5	0.00631578947368421	0.960818713450292	0.0119298245614035	0.0209356725146199
6	0.00771929824561404	0.14093567251462	0.00748538011695906	0.843859649122807
7	0.818011695906433	0.0170760233918129	0.124678362573099	0.040233918128655
8	0.0947368421052632	0.0283040935672515	0.749122807017544	0.127836257309942
9	0.031812865497076	0.0271345029239766	0.919181286549708	0.0218713450292398
