Pos	A	C	G	T
1	0.0315671770170308	0.891170651986926	0.0265998623774299	0.0506623086186134
2	0.931554274901084	0.0270299329089971	0.0228152416996387	0.0186005504902804
3	0.864807328401858	0.0294598314123516	0.0777352485807672	0.0279975916050232
4	0.930328573886117	0.0116979184586272	0.0407921899191467	0.0171813177361087
5	0.0153965250301049	0.0196972303457767	0.936005504902804	0.0289007397213143
6	0.0199337691381387	0.0149449509719594	0.0469637020471357	0.918157577842766
7	0.059564768622054	0.812919318768278	0.0392654395320833	0.0882504730775847
8	0.0293093067263031	0.910480818854292	0.0138267675898847	0.04638310682952
9	0.788190263203165	0.0598228109409943	0.0631343540340616	0.0888525718217788
