Pos	A	C	G	T
1	0.14123	0.132118	0.630979	0.095672
2	0.091116	0.088838	0.742597	0.077449
3	0.111617	0.145786	0.296128	0.446469
4	0.034169	0.676538	0.095672	0.193622
5	0.291572	0.489749	0.15262	0.066059
6	0.22779	0.312073	0.296128	0.164009
7	0.006834	0.0	0.986333	0.006834
8	0.004556	0.0	0.995444	0.0
9	0.0	0.0	1.0	0.0
10	0.002278	0.0	0.0	0.997722
11	0.002278	0.257403	0.015945	0.724374
12	0.006834	0.986333	0.002278	0.004556
13	0.072893	0.022779	0.897494	0.006834
14	0.952164	0.0	0.047836	0.0
15	0.129841	0.022779	0.81549	0.031891
