Pos	A	C	G	T
1	0.112267662100255	0.107018634346631	0.201585467692632	0.579128236158696
2	0.0	0.0	0.0992201844683277	0.900779815829892
3	0.227290652494473	0.0	0.465521576002736	0.307187771801005
4	0.0474028878097142	0.570578746626212	0.218067070119897	0.163951295742387
5	0.0859314832399654	0.0	0.914068517058254	0.0
6	0.320886469998357	0.445761614759023	0.000679892163317883	0.232672023377515
7	0.847065128699611	0.151397051045176	0.00153782055343251	0.0
8	1.00000000029823	0.0	0.0	0.0
9	0.0	0.149693242107593	0.0107324911301585	0.839574267060468
10	0.264576066807728	0.485680137873246	0.0407207075580686	0.209023088059172
11	0.21298372878488	0.0703224702481307	0.18068710767372	0.536006693591482
12	0.112918962190384	0.311449546583684	0.205292491518242	0.370339000005905
