Pos	A	C	G	T
1	0.101724135494085	0.301724130702796	0.294827579143876	0.301724130702796
2	0.0	0.0689655155892107	0.0	0.931034460454345
3	0.0	0.0	0.931034460454345	0.0689655155892107
4	0.0	0.0689655155892107	0.862068944865134	0.0689655155892107
5	0.0	0.0	0.999999976043555	0.0
6	0.0	0.0	0.0	0.999999976043555
7	0.0	0.0	0.999999976043555	0.0
8	0.0	0.0	0.862068944865134	0.137931031178422
9	0.0689655155892107	0.0	0.0689655155892107	0.862068944865134
10	0.0689655155892107	0.655172398097502	0.0689655155892107	0.206896546767632
11	0.101724135494085	0.370689646292008	0.170689651083297	0.356896543174165
