Pos	A	C	G	T
1	0.188888888888889	0.208888888888889	0.433333333333333	0.168888888888889
2	0.253333333333333	0.146666666666667	0.415555555555556	0.184444444444444
3	0.391111111111111	0.162222222222222	0.402222222222222	0.0444444444444445
4	0.0311111111111111	0.00222222222222222	0.02	0.946666666666667
5	0.00222222222222222	0.00444444444444445	0.964444444444445	0.0288888888888889
6	0.953333333333333	0.0155555555555556	0.0133333333333333	0.0177777777777778
7	0.0688888888888889	0.0177777777777778	0.913333333333333	0.0
8	0.0133333333333333	0.0111111111111111	0.0111111111111111	0.964444444444445
9	0.0222222222222222	0.944444444444445	0.0333333333333333	0.0
10	0.993333333333334	0.00444444444444445	0.00222222222222222	0.0
11	0.0311111111111111	0.382222222222222	0.142222222222222	0.444444444444445
