Pos	A	C	G	T
1	0.094	0.36	0.126	0.42
2	0.152	0.168	0.522	0.158
3	0.258	0.084	0.554	0.104
4	0.068	0.856	0.036	0.04
5	0.002	0.996	0.002	0.0
6	0.7	0.006	0.242	0.052
7	0.016	0.652	0.322	0.01
8	0.098	0.594	0.074	0.234
9	0.906	0.018	0.054	0.022
10	0.002	0.002	0.992	0.004
11	0.386	0.0	0.612	0.002
12	0.026	0.026	0.588	0.36
13	0.012	0.002	0.984	0.002
14	0.05	0.026	0.86	0.064
15	0.068	0.876	0.012	0.044
16	0.396	0.014	0.584	0.006
17	0.076	0.562	0.326	0.036
18	0.096	0.422	0.116	0.366
19	0.372	0.268	0.316	0.044
