Pos	A	C	G	T
1	0.202404809619239	0.0340681362725451	0.711422845691383	0.0521042084168337
2	0.0240480961923848	0.0200400801603206	0.919839679358718	0.0360721442885772
3	0.0180360721442886	0.0220440881763527	0.957915831663327	0.00200400801603206
4	0.983967935871744	0.0140280561122245	0.0	0.00200400801603206
5	0.0480961923847695	0.00200400801603206	0.909819639278557	0.0400801603206413
6	0.0260521042084168	0.110220440881764	0.847695390781563	0.0160320641282565
7	0.937875751503006	0.00801603206412826	0.0460921843687375	0.00801603206412826
8	0.104208416833667	0.210420841683367	0.635270541082164	0.0501002004008016
9	0.0440881763527054	0.166332665330661	0.629258517034068	0.160320641282565
10	0.342685370741483	0.160320641282565	0.424849699398798	0.0721442885771543
11	0.416833667334669	0.150300601202405	0.340681362725451	0.092184368737475
12	0.110220440881764	0.114228456913828	0.717434869739479	0.0581162324649299
13	0.412825651302605	0.110220440881764	0.390781563126253	0.0861723446893788
14	0.232464929859719	0.108216432865731	0.591182364729459	0.0681362725450902
15	0.188376753507014	0.092184368737475	0.62124248496994	0.0981963927855712
16	0.420841683366733	0.114228456913828	0.380761523046092	0.0841683366733467
17	0.222444889779559	0.12625250501002	0.55310621242485	0.0981963927855712
18	0.176352705410822	0.13627254509018	0.569138276553106	0.118236472945892
19	0.438877755511022	0.104208416833667	0.352705410821643	0.104208416833667
20	0.288577154308617	0.120240480961924	0.525050100200401	0.0661322645290581
