Pos	A	C	G	T
1	0.330097087378641	0.0388349514563107	0.155339805825243	0.475728155339806
2	0.0970873786407767	0.699029126213592	0.106796116504854	0.0970873786407767
3	0.864077669902913	0.0485436893203883	0.0485436893203883	0.0388349514563107
4	0.0388349514563107	0.0	0.922330097087379	0.0388349514563107
5	0.0970873786407767	0.00970873786407767	0.87378640776699	0.0194174757281553
6	0.12621359223301	0.815533980582524	0.0388349514563107	0.0194174757281553
7	0.83495145631068	0.0	0.135922330097087	0.029126213592233
8	0.12621359223301	0.155339805825243	0.446601941747573	0.271844660194175
9	0.262135922330097	0.475728155339806	0.0776699029126214	0.184466019417476
10	0.16504854368932	0.058252427184466	0.543689320388349	0.233009708737864
11	0.12621359223301	0.495145631067961	0.271844660194175	0.106796116504854
12	0.16504854368932	0.349514563106796	0.213592233009709	0.271844660194175
13	0.281553398058252	0.223300970873786	0.349514563106796	0.145631067961165
14	0.330097087378641	0.29126213592233	0.184466019417476	0.194174757281553
15	0.388349514563107	0.0194174757281553	0.58252427184466	0.00970873786407767
16	0.0485436893203883	0.029126213592233	0.912621359223301	0.00970873786407767
17	0.514563106796116	0.0970873786407767	0.339805825242718	0.0485436893203883
18	0.106796116504854	0.844660194174757	0.0388349514563107	0.00970873786407767
19	0.747572815533981	0.0194174757281553	0.213592233009709	0.0194174757281553
20	0.135922330097087	0.16504854368932	0.621359223300971	0.0776699029126214
21	0.106796116504854	0.757281553398058	0.0776699029126214	0.058252427184466
22	0.106796116504854	0.58252427184466	0.0194174757281553	0.29126213592233
