Pos	A	C	G	T
1	0.0625	0.1875	0.63671875	0.11328125
2	0.2578125	0.1875	0.4609375	0.09375
3	0.5	0.13671875	0.265625	0.09765625
4	0.16015625	0.01171875	0.80078125	0.02734375
5	0.04296875	0.00390625	0.6328125	0.3203125
6	0.015625	0.0	0.984375	0.0
7	0.0	0.00390625	0.98046875	0.015625
8	0.0	0.0078125	0.9921875	0.0
9	0.0078125	0.7578125	0.00390625	0.23046875
10	0.0	0.0	1.0	0.0
11	0.00390625	0.015625	0.26171875	0.71875
12	0.00390625	0.00390625	0.9765625	0.015625
13	0.05078125	0.1171875	0.671875	0.16015625
14	0.015625	0.84375	0.03125	0.109375
15	0.12890625	0.5234375	0.203125	0.14453125
