Pos	A	C	G	T
1	0.23	0.088	0.544	0.138
2	0.212	0.108	0.636	0.044
3	0.296	0.062	0.548	0.094
4	0.306	0.076	0.544	0.074
5	0.506	0.088	0.35	0.056
6	0.342	0.06	0.5	0.098
7	0.194	0.112	0.644	0.05
8	0.264	0.112	0.498	0.126
9	0.296	0.064	0.584	0.056
10	0.058	0.012	0.86	0.07
11	0.018	0.118	0.83	0.034
12	0.822	0.086	0.012	0.08
13	0.248	0.026	0.704	0.022
14	0.206	0.08	0.67	0.044
15	0.274	0.046	0.584	0.096
16	0.21	0.032	0.646	0.112
17	0.15	0.124	0.672	0.054
18	0.464	0.182	0.272	0.082
19	0.212	0.098	0.568	0.122
20	0.382	0.022	0.542	0.054
21	0.308	0.066	0.558	0.068
22	0.336	0.042	0.524	0.098
