Pos	A	C	G	T
1	0.058	0.814	0.07	0.058
2	0.858	0.052	0.034	0.056
3	0.034	0.286	0.126	0.554
4	0.748	0.146	0.054	0.052
5	0.212	0.646	0.098	0.044
6	0.224	0.014	0.03	0.732
7	0.044	0.084	0.808	0.064
8	0.092	0.026	0.852	0.03
9	0.77	0.022	0.092	0.116
10	0.258	0.064	0.658	0.02
11	0.762	0.026	0.038	0.174
12	0.144	0.044	0.788	0.024
13	0.748	0.048	0.198	0.006
14	0.866	0.046	0.066	0.022
15	0.786	0.036	0.134	0.044
16	0.08	0.638	0.044	0.238
17	0.042	0.746	0.128	0.084
18	0.138	0.454	0.182	0.226
19	0.228	0.074	0.044	0.654
20	0.808	0.074	0.082	0.036
