Pos	A	C	G	T
1	0.0472312705980226	0.131921824773788	0.519543976578248	0.301302933125316
2	0.0879478831825248	0.0586319221216832	0.853420199771167	0.0
3	0.0	0.0293159610608416	0.941368082953692	0.0293159610608416
4	0.0	0.0586319221216832	0.941368082953692	0.0
5	0.299674268621936	0.0293159610608416	0.17589576636505	0.495114009027547
6	0.117263844243366	0.0	0.765472316588642	0.117263844243366
7	0.0586319221216832	0.234527688486733	0.706840394466959	0.0
8	0.0325732900676018	0.0879478831825248	0.267100978554335	0.612377853270914
9	0.215798046697862	0.443811077171075	0.274429968819545	0.0659609123868936
