Pos	A	C	G	T
1	0.230769230769231	0.142011834319527	0.254437869822485	0.372781065088757
2	0.0887573964497041	0.875739644970414	0.029585798816568	0.00591715976331361
3	0.443786982248521	0.201183431952663	0.029585798816568	0.325443786982249
4	0.0	0.958579881656805	0.029585798816568	0.0118343195266272
5	0.93491124260355	0.0118343195266272	0.00591715976331361	0.0473372781065089
6	0.0	0.0828402366863905	0.917159763313609	0.0
7	0.0177514792899408	0.875739644970414	0.0591715976331361	0.0473372781065089
8	0.810650887573965	0.0	0.130177514792899	0.0591715976331361
9	0.0118343195266272	0.0	0.905325443786982	0.0828402366863905
10	0.0	0.00591715976331361	0.994082840236686	0.0
11	0.307692307692308	0.0946745562130177	0.378698224852071	0.218934911242604
12	0.313609467455621	0.124260355029586	0.461538461538462	0.100591715976331
13	0.124260355029586	0.159763313609467	0.497041420118343	0.218934911242604
14	0.0710059171597633	0.532544378698225	0.230769230769231	0.165680473372781
15	0.224852071005917	0.455621301775148	0.153846153846154	0.165680473372781
