Pos	A	C	G	T
1	0.0899122807017544	0.0394736842105263	0.75	0.120614035087719
2	0.230263157894737	0.0635964912280702	0.68640350877193	0.0197368421052632
3	0.324561403508772	0.206140350877193	0.0526315789473684	0.416666666666667
4	0.037280701754386	0.142543859649123	0.692982456140351	0.12719298245614
5	0.392543859649123	0.559210526315789	0.043859649122807	0.0043859649122807
6	0.0241228070175439	0.0899122807017544	0.0153508771929825	0.870614035087719
7	0.214912280701754	0.0131578947368421	0.723684210526316	0.0482456140350877
8	0.0	0.0	0.99780701754386	0.00219298245614035
9	0.989035087719298	0.00657894736842105	0.00219298245614035	0.00219298245614035
10	0.00657894736842105	0.0043859649122807	0.986842105263158	0.00219298245614035
11	0.12280701754386	0.728070175438597	0.100877192982456	0.0482456140350877
12	0.100877192982456	0.642543859649123	0.0460526315789474	0.210526315789474
13	0.296052631578947	0.149122807017544	0.368421052631579	0.18640350877193
