Pos	A	C	G	T
1	0.0593047034764826	0.141104294478528	0.713701431492843	0.0858895705521473
2	0.124744376278119	0.155419222903886	0.650306748466258	0.0695296523517383
3	0.231083844580777	0.263803680981595	0.45398773006135	0.0511247443762781
4	0.139059304703477	0.177914110429448	0.629856850715746	0.0531697341513293
5	0.134969325153374	0.112474437627812	0.725971370143149	0.0265848670756646
6	0.239263803680982	0.118609406952965	0.552147239263804	0.0899795501022495
7	0.157464212678937	0.049079754601227	0.738241308793456	0.0552147239263804
8	0.157464212678937	0.243353783231084	0.570552147239264	0.0286298568507157
9	0.398773006134969	0.239263803680982	0.224948875255624	0.137014314928425
10	0.171779141104295	0.0879345603271984	0.717791411042945	0.0224948875255624
11	0.130879345603272	0.0552147239263804	0.770961145194274	0.0429447852760736
12	0.175869120654397	0.0531697341513293	0.736196319018405	0.0347648261758691
13	0.114519427402863	0.049079754601227	0.79959100204499	0.0368098159509203
14	0.049079754601227	0.016359918200409	0.92638036809816	0.0081799591002045
15	0.310838445807771	0.611451942740286	0.0143149284253579	0.0633946830265849
16	0.065439672801636	0.0122699386503068	0.914110429447853	0.0081799591002045
17	0.0408997955010225	0.0224948875255624	0.928425357873211	0.0081799591002045
18	0.257668711656442	0.0286298568507157	0.695296523517383	0.0184049079754601
19	0.0347648261758691	0.0184049079754601	0.930470347648262	0.016359918200409
20	0.249488752556237	0.58077709611452	0.116564417177914	0.0531697341513293
21	0.179959100204499	0.384458077709611	0.347648261758691	0.0879345603271984
22	0.116564417177914	0.0777096114519428	0.685071574642127	0.120654396728016
23	0.118609406952965	0.128834355828221	0.715746421267894	0.0368098159509203
24	0.157464212678937	0.118609406952965	0.699386503067485	0.0245398773006135
