Pos	A	C	G	T
1	0.0643290500905019	0.0	0.228051419511562	0.707619550995522
2	0.0	0.0	0.743259653525977	0.256740367071609
3	0.0	0.15677121445065	0.121706945210594	0.721521860936341
4	0.350334198012555	0.620976875024984	0.0	0.028688947560046
5	0.971311073037539	0.0	0.0	0.028688947560046
6	0.0	0.0	1.00000002059759	0.0
7	0.0	0.0	1.00000002059759	0.0
8	0.0	0.0	1.00000002059759	0.0
9	0.0	0.0	1.00000002059759	0.0
10	0.0	0.0573778951200921	0.913933177917447	0.028688947560046
11	0.0573778951200921	0.942622125477493	0.0	0.0
12	0.620976875024984	0.0	0.379023145572601	0.0
