Pos	A	C	G	T
1	0.0675990675990676	0.300699300699301	0.433566433566434	0.198135198135198
2	0.0116550116550117	0.121212121212121	0.0186480186480187	0.848484848484849
3	0.0	1.0	0.0	0.0
4	0.0	0.888111888111888	0.0	0.111888111888112
5	0.00932400932400933	0.967365967365967	0.0116550116550117	0.0116550116550117
6	0.0979020979020979	0.675990675990676	0.0372960372960373	0.188811188811189
7	0.473193473193473	0.0815850815850816	0.041958041958042	0.403263403263403
8	0.013986013986014	0.00466200466200466	0.976689976689977	0.00466200466200466
9	0.195804195804196	0.00466200466200466	0.794871794871795	0.00466200466200466
10	0.00233100233100233	0.00699300699300699	0.988344988344989	0.00233100233100233
11	0.582750582750583	0.055944055944056	0.335664335664336	0.0256410256410256
12	0.212121212121212	0.477855477855478	0.188811188811189	0.121212121212121
13	0.186480186480187	0.300699300699301	0.0955710955710956	0.417249417249417
