Pos	A	C	G	T
1	0.282565130260521	0.138276553106212	0.470941883767535	0.108216432865731
2	0.326653306613227	0.106212424849699	0.394789579158317	0.172344689378758
3	0.188376753507014	0.110220440881764	0.57314629258517	0.128256513026052
4	0.238476953907816	0.0701402805611223	0.543086172344689	0.148296593186373
5	0.352705410821643	0.0561122244488978	0.537074148296593	0.0541082164328657
6	0.208416833667335	0.0701402805611223	0.633266533066132	0.0881763527054108
7	0.208416833667335	0.142284569138277	0.595190380761523	0.0541082164328657
8	0.370741482965932	0.178356713426854	0.326653306613227	0.124248496993988
9	0.206412825651303	0.0581162324649299	0.579158316633267	0.156312625250501
10	0.18436873747495	0.11623246492986	0.605210420841684	0.094188376753507
11	0.288577154308617	0.0981963927855712	0.523046092184369	0.0901803607214429
12	0.164328657314629	0.0641282565130261	0.703406813627255	0.0681362725450902
13	0.334669338677355	0.170340681362725	0.408817635270541	0.0861723446893788
14	0.422845691382766	0.0761523046092185	0.302605210420842	0.198396793587174
15	0.230460921843687	0.062124248496994	0.609218436873748	0.0981963927855712
16	0.234468937875752	0.032064128256513	0.541082164328657	0.192384769539078
17	0.2625250501002	0.00601202404809619	0.713426853707415	0.0180360721442886
18	0.030060120240481	0.0220440881763527	0.939879759519038	0.00801603206412826
19	0.0260521042084168	0.032064128256513	0.913827655310621	0.0280561122244489
20	0.615230460921844	0.264529058116233	0.00801603206412826	0.112224448897796
21	0.118236472945892	0.0160320641282565	0.817635270541082	0.0480961923847695
22	0.00801603206412826	0.0240480961923848	0.937875751503006	0.030060120240481
23	0.501002004008016	0.0	0.488977955911824	0.0100200400801603
24	0.0561122244488978	0.0240480961923848	0.87374749498998	0.0460921843687375
