Pos	A	C	G	T
1	0.350220264317181	0.0286343612334802	0.286343612334802	0.334801762114537
2	0.00440528634361234	0.0	0.984581497797357	0.0110132158590308
3	0.00440528634361234	0.00440528634361234	0.991189427312775	0.0
4	0.0066079295154185	0.0	0.991189427312775	0.00220264317180617
5	0.110132158590308	0.436123348017621	0.00220264317180617	0.451541850220264
6	0.00881057268722467	0.0	0.984581497797357	0.0066079295154185
7	0.0242290748898678	0.00881057268722467	0.493392070484582	0.473568281938326
8	0.0286343612334802	0.0066079295154185	0.911894273127753	0.052863436123348
9	0.0198237885462555	0.0176211453744493	0.911894273127753	0.0506607929515419
10	0.0682819383259912	0.645374449339207	0.158590308370044	0.127753303964758
11	0.1784140969163	0.400881057268723	0.134361233480176	0.286343612334802
12	0.0991189427312776	0.127753303964758	0.533039647577093	0.240088105726872
13	0.0462555066079295	0.171806167400881	0.621145374449339	0.16079295154185
14	0.0726872246696035	0.112334801762115	0.643171806167401	0.171806167400881
