Pos	A	C	G	T
1	0.194095880740327	0.146471266034666	0.164690055876662	0.494742797497964
2	0.0	0.0	0.0	1.00000000014962
3	0.0829350656871148	0.0	0.914380381850248	0.00268455261225559
4	0.00107382104490223	0.0	0.0	0.998926179104717
5	0.0	0.0	0.0	1.00000000014962
6	0.00883421033044485	0.0	0.17569290795769	0.815472881861482
7	0.818241935600955	0.0	0.03692694897496	0.144831115573701
8	0.0	0.071112614544035	0.0	0.928887385605583
9	0.11328187897613	0.0	0.430210167849227	0.456507953324262
10	0.0440217236080255	0.0	0.325679353579449	0.630298922962144
11	0.0527816314332841	0.0	0.0291214266073219	0.918096942109012
12	0.00586564678899149	0.0101354703939742	0.0168075494752847	0.967191333491368
13	0.358520885925997	0.0703787885136043	0.138457913868029	0.432642411841987
