Pos	A	C	G	T
1	0.120320855614973	0.205882352941176	0.0962566844919786	0.577540106951872
2	0.0748663101604278	0.0962566844919786	0.219251336898396	0.609625668449198
3	0.0641711229946524	0.31283422459893	0.254010695187166	0.368983957219251
4	0.0106951871657754	0.954545454545455	0.0106951871657754	0.0240641711229947
5	0.00802139037433155	0.949197860962567	0.0	0.0427807486631016
6	0.323529411764706	0.0454545454545455	0.0053475935828877	0.625668449197861
7	0.0641711229946524	0.0320855614973262	0.0374331550802139	0.866310160427808
8	0.636363636363636	0.0481283422459893	0.0401069518716578	0.275401069518717
9	0.0267379679144385	0.0481283422459893	0.0133689839572193	0.911764705882353
10	0.438502673796791	0.0668449197860963	0.0240641711229947	0.470588235294118
11	0.181818181818182	0.0240641711229947	0.0374331550802139	0.75668449197861
12	0.122994652406417	0.00802139037433155	0.855614973262032	0.0133689839572193
13	0.0320855614973262	0.00267379679144385	0.941176470588235	0.0240641711229947
14	0.122994652406417	0.548128342245989	0.184491978609626	0.144385026737968
15	0.270053475935829	0.449197860962567	0.0508021390374332	0.229946524064171
16	0.532085561497326	0.101604278074866	0.117647058823529	0.248663101604278
17	0.157754010695187	0.25668449197861	0.179144385026738	0.406417112299465
