Pos	A	C	G	T
1	0.238193018480493	0.201232032854209	0.406570841889117	0.154004106776181
2	0.139630390143737	0.258726899383984	0.476386036960986	0.125256673511294
3	0.127310061601643	0.125256673511294	0.254620123203285	0.492813141683778
4	0.108829568788501	0.435318275154004	0.340862422997947	0.114989733059548
5	0.0595482546201232	0.0369609856262834	0.0287474332648871	0.874743326488706
6	0.026694045174538	0.663244353182752	0.193018480492813	0.117043121149897
7	0.480492813141684	0.182751540041068	0.139630390143737	0.197125256673511
8	0.190965092402464	0.0636550308008214	0.515400410677618	0.229979466119097
9	0.234086242299795	0.223819301848049	0.484599589322382	0.0574948665297741
10	0.0390143737166325	0.108829568788501	0.0102669404517454	0.841889117043121
11	0.0431211498973306	0.0841889117043121	0.158110882956879	0.714579055441479
12	0.264887063655031	0.184804928131417	0.0677618069815195	0.482546201232033
13	0.0287474332648871	0.91170431211499	0.026694045174538	0.0328542094455852
14	0.457905544147844	0.160164271047228	0.0410677618069815	0.340862422997947
