Pos	A	C	G	T
1	0.0714285715957649	0.482142858271413	0.125000000292589	0.321428572180942
2	0.196428571888353	0.589285715665061	0.107142857393647	0.107142857393647
3	0.0	0.107142857393647	0.357142857978824	0.535714286968237
4	0.0	1.00000000234071	0.0	0.0
5	0.0	1.00000000234071	0.0	0.0
6	0.0	0.0	1.00000000234071	0.0
7	0.0	0.0	1.00000000234071	0.0
8	0.482142858271413	0.517857144069296	0.0	0.0
9	0.0	0.750000001755532	0.250000000585177	0.0
10	0.0892857144947061	0.464285715372472	0.392857143776707	0.0535714286968237
11	0.044642857247353	0.401785715226177	0.401785715226177	0.151785714641
