Pos	A	C	G	T
1	0.2	0.0404494382022472	0.0719101123595506	0.687640449438202
2	0.00674157303370787	0.00224719101123596	0.991011235955056	0.0
3	0.00224719101123596	0.00449438202247191	0.991011235955056	0.00224719101123596
4	0.970786516853933	0.00898876404494382	0.0179775280898876	0.00224719101123596
5	0.948314606741573	0.0	0.0382022471910112	0.0134831460674157
6	0.829213483146068	0.051685393258427	0.0719101123595506	0.0471910112359551
7	0.564044943820225	0.184269662921348	0.184269662921348	0.0674157303370787
8	0.375280898876405	0.0719101123595506	0.10561797752809	0.447191011235955
9	0.350561797752809	0.253932584269663	0.267415730337079	0.128089887640449
10	0.0786516853932584	0.051685393258427	0.0314606741573034	0.838202247191011
11	0.0786516853932584	0.0741573033707865	0.676404494382023	0.170786516853933
12	0.752808988764045	0.0584269662921348	0.0808988764044944	0.107865168539326
13	0.143820224719101	0.328089887640449	0.447191011235955	0.0808988764044944
14	0.112359550561798	0.112359550561798	0.0853932584269663	0.689887640449438
15	0.182022471910112	0.608988764044944	0.119101123595506	0.0898876404494382
