Pos	A	C	G	T
1	0.0495049504950495	0.0297029702970297	0.801980198019802	0.118811881188119
2	0.0495049504950495	0.103960396039604	0.0346534653465346	0.811881188118812
3	0.00495049504950495	0.792079207920792	0.0297029702970297	0.173267326732673
4	0.49009900990099	0.158415841584158	0.0297029702970297	0.321782178217822
5	0.0297029702970297	0.717821782178218	0.0346534653465346	0.217821782178218
6	0.163366336633663	0.0445544554455445	0.782178217821782	0.0099009900990099
7	0.0297029702970297	0.772277227722772	0.163366336633663	0.0346534653465346
8	0.113861386138614	0.163366336633663	0.0396039603960396	0.683168316831683
9	0.0495049504950495	0.618811881188119	0.0198019801980198	0.311881188118812
10	0.0445544554455445	0.277227722772277	0.267326732673267	0.410891089108911
11	0.103960396039604	0.128712871287129	0.732673267326733	0.0346534653465346
12	0.0346534653465346	0.465346534653465	0.113861386138614	0.386138613861386
13	0.0198019801980198	0.163366336633663	0.0346534653465346	0.782178217821782
14	0.0297029702970297	0.0594059405940594	0.876237623762376	0.0346534653465346
15	0.232673267326733	0.623762376237624	0.118811881188119	0.0247524752475247
16	0.163366336633663	0.53960396039604	0.138613861386139	0.158415841584158
17	0.00495049504950495	0.752475247524752	0.0445544554455445	0.198019801980198
18	0.485148514851485	0.257425742574257	0.0544554455445544	0.202970297029703
19	0.103960396039604	0.331683168316832	0.415841584158416	0.148514851485149
20	0.183168316831683	0.188118811881188	0.5	0.128712871287129
21	0.0792079207920792	0.504950495049505	0.282178217821782	0.133663366336634
