Pos	A	C	G	T
1	0.207792207792208	0.399350649350649	0.152597402597403	0.24025974025974
2	0.142857142857143	0.425324675324675	0.194805194805195	0.237012987012987
3	0.659090909090909	0.00324675324675325	0.321428571428571	0.0162337662337662
4	0.172077922077922	0.746753246753247	0.0162337662337662	0.0649350649350649
5	0.970779220779221	0.00649350649350649	0.00324675324675325	0.0194805194805195
6	0.00649350649350649	0.0194805194805195	0.0194805194805195	0.954545454545455
7	0.0746753246753247	0.00324675324675325	0.012987012987013	0.909090909090909
8	0.0	0.974025974025974	0.012987012987013	0.012987012987013
9	0.0	0.941558441558442	0.00649350649350649	0.051948051948052
10	0.525974025974026	0.051948051948052	0.0194805194805195	0.402597402597403
11	0.146103896103896	0.0454545454545455	0.737012987012987	0.0714285714285714
12	0.113636363636364	0.207792207792208	0.577922077922078	0.100649350649351
