Pos	A	C	G	T
1	0.176470588235294	0.176470588235294	0.117647058823529	0.529411764705882
2	0.294117647058824	0.294117647058824	0.176470588235294	0.235294117647059
3	0.0	0.0588235294117647	0.294117647058824	0.647058823529412
4	0.411764705882353	0.117647058823529	0.411764705882353	0.0588235294117647
5	0.0	1.0	0.0	0.0
6	0.0	0.0	1.0	0.0
7	0.0	0.0	0.0	1.0
8	0.176470588235294	0.823529411764706	0.0	0.0
9	1.0	0.0	0.0	0.0
10	0.588235294117647	0.235294117647059	0.117647058823529	0.0588235294117647
11	0.0	0.941176470588235	0.0	0.0588235294117647
12	0.0	0.882352941176471	0.117647058823529	0.0
13	0.0588235294117647	0.823529411764706	0.117647058823529	0.0
14	0.176470588235294	0.588235294117647	0.117647058823529	0.117647058823529
15	0.235294117647059	0.529411764705882	0.117647058823529	0.117647058823529
