Pos	A	C	G	T
1	0.503536067892503	0.0	0.256011315417256	0.24045261669024
2	0.0	0.384724186704385	0.374823196605375	0.24045261669024
3	0.0	0.161290322580645	0.0	0.838709677419355
4	0.751060820367751	0.0	0.128712871287129	0.12022630834512
5	0.504249291784703	0.0	0.495750708215297	0.0
6	0.0	1.0	0.0	0.0
7	0.0	1.0	0.0	0.0
8	1.0	0.0	0.0	0.0
9	1.0	0.0	0.0	0.0
10	0.0	0.0	0.0	1.0
11	0.0	1.0	0.0	0.0
12	1.0	0.0	0.0	0.0
13	0.24045261669024	0.128712871287129	0.630834512022631	0.0
14	0.359264497878359	0.127298444130127	0.248939179632249	0.264497878359265
