Pos	A	C	G	T
1	0.2	0.05	0.55	0.2
2	0.2	0.1	0.2	0.5
3	0.142857142857143	0.238095238095238	0.380952380952381	0.238095238095238
4	0.0952380952380952	0.0476190476190476	0.0	0.857142857142857
5	0.0	0.0	0.0	1.0
6	0.0	0.0	1.0	0.0
7	0.0476190476190476	0.0	0.0	0.952380952380952
8	0.0476190476190476	0.0	0.0	0.952380952380952
9	0.0	0.0	0.0476190476190476	0.952380952380952
10	0.904761904761905	0.0	0.0	0.0952380952380952
11	0.0	0.952380952380952	0.0	0.0476190476190476
12	0.35	0.05	0.35	0.25
13	0.15	0.15	0.15	0.55
14	0.0	0.263157894736842	0.210526315789474	0.526315789473684
