Pos	A	C	G	T
1	0.142857142857143	0.214285714285714	0.214285714285714	0.428571428571429
2	0.714285714285714	0.0714285714285714	0.142857142857143	0.0714285714285714
3	0.285714285714286	0.142857142857143	0.0	0.571428571428571
4	0.142857142857143	0.0	0.0	0.857142857142857
5	0.0	0.0	1.0	0.0
6	0.0	0.0	0.0	1.0
7	0.0	0.0	0.0	1.0
8	0.0	0.0	0.0	1.0
9	0.928571428571429	0.0	0.0714285714285714	0.0
10	0.0	0.0714285714285714	0.214285714285714	0.714285714285714
11	0.357142857142857	0.0	0.142857142857143	0.5
12	0.0714285714285714	0.142857142857143	0.0	0.785714285714286
