Pos	A	C	G	T
1	0.270833333333333	0.375	0.229166666666667	0.125
2	0.333333333333333	0.166666666666667	0.229166666666667	0.270833333333333
3	0.270833333333333	0.0833333333333333	0.208333333333333	0.4375
4	0.0	0.0	0.0	1.0
5	0.145833333333333	0.0	0.854166666666667	0.0
6	0.0	0.0	0.0	1.0
7	0.0	0.0	0.0	1.0
8	0.0	0.0	0.0	1.0
9	0.8125	0.0	0.1875	0.0
10	0.0	0.125	0.0	0.875
11	0.416666666666667	0.0208333333333333	0.229166666666667	0.333333333333333
12	0.104166666666667	0.291666666666667	0.0208333333333333	0.583333333333333
13	0.375	0.0833333333333333	0.458333333333333	0.0833333333333333
