Pos	A	C	G	T
1	0.5	0.166666666666667	0.166666666666667	0.166666666666667
2	0.5	0.333333333333333	0.0	0.166666666666667
3	0.833333333333333	0.166666666666667	0.0	0.0
4	0.833333333333333	0.0	0.166666666666667	0.0
5	0.666666666666667	0.166666666666667	0.166666666666667	0.0
6	0.0	0.166666666666667	0.0	0.833333333333333
7	0.833333333333333	0.0	0.166666666666667	0.0
8	0.0	0.0	0.0	1.0
9	0.0	0.0	0.0	1.0
10	0.666666666666667	0.0	0.333333333333333	0.0
11	0.166666666666667	0.0	0.0	0.833333333333333
12	0.0	0.0	0.5	0.5
13	0.5	0.0	0.333333333333333	0.166666666666667
14	0.0	0.2	0.2	0.6
