Pos	A	C	G	T
1	0.0	0.230769230769231	0.307692307692308	0.461538461538462
2	0.0714285714285714	0.0	0.642857142857143	0.285714285714286
3	0.333333333333333	0.208333333333333	0.208333333333333	0.25
4	0.625	0.208333333333333	0.0833333333333333	0.0833333333333333
5	0.458333333333333	0.166666666666667	0.0833333333333333	0.291666666666667
6	0.0	0.0416666666666667	0.0	0.958333333333333
7	0.5	0.0	0.5	0.0
8	0.0	0.0	0.0	1.0
9	0.0	0.0	0.0	1.0
10	0.0416666666666667	0.0	0.125	0.833333333333333
11	0.458333333333333	0.0416666666666667	0.375	0.125
12	0.0833333333333333	0.416666666666667	0.0416666666666667	0.458333333333333
13	0.125	0.0416666666666667	0.125	0.708333333333333
14	0.0434782608695652	0.217391304347826	0.0	0.739130434782609
15	0.571428571428571	0.0	0.0714285714285714	0.357142857142857
