Pos	A	C	G	T
1	0.526315789473684	0.105263157894737	0.157894736842105	0.210526315789474
2	0.315789473684211	0.157894736842105	0.0	0.526315789473684
3	0.684210526315789	0.0	0.157894736842105	0.157894736842105
4	0.0	0.105263157894737	0.0	0.894736842105263
5	1.0	0.0	0.0	0.0
6	0.0526315789473684	0.947368421052632	0.0	0.0
7	0.0	0.0	0.0526315789473684	0.947368421052632
8	0.0526315789473684	0.0	0.0	0.947368421052632
9	0.894736842105263	0.0	0.0526315789473684	0.0526315789473684
10	0.277777777777778	0.0555555555555556	0.0555555555555556	0.611111111111111
11	0.444444444444444	0.0555555555555556	0.0555555555555556	0.444444444444444
12	0.277777777777778	0.222222222222222	0.222222222222222	0.277777777777778
