Pos	A	C	G	T
1	0.0769230769230769	0.769230769230769	0.0769230769230769	0.0769230769230769
2	0.846153846153846	0.0769230769230769	0.0769230769230769	0.0
3	0.384615384615385	0.153846153846154	0.153846153846154	0.307692307692308
4	0.307692307692308	0.0	0.153846153846154	0.538461538461538
5	0.230769230769231	0.0769230769230769	0.0769230769230769	0.615384615384615
6	0.769230769230769	0.0769230769230769	0.0769230769230769	0.0769230769230769
7	0.153846153846154	0.538461538461538	0.230769230769231	0.0769230769230769
8	0.230769230769231	0.230769230769231	0.307692307692308	0.230769230769231
9	0.153846153846154	0.0769230769230769	0.615384615384615	0.153846153846154
