Pos	A	C	G	T
1	0.19	0.23	0.28	0.3
2	0.24	0.18	0.28	0.3
3	0.34	0.06	0.34	0.26
4	0.25	0.06	0.27	0.42
5	0.11	0.04	0.39	0.46
6	0.03	0.92	0.0	0.05
7	0.02	0.0	0.0	0.98
8	1.0	0.0	0.0	0.0
9	0.01	0.0	0.0	0.99
10	0.0505050505050505	0.0202020202020202	0.0101010101010101	0.919191919191919
11	0.08	0.0	0.0	0.92
12	0.47	0.0	0.0	0.53
13	0.19	0.01	0.0	0.8
14	1.0	0.0	0.0	0.0
15	0.02	0.0	0.98	0.0
16	0.42	0.39	0.04	0.15
17	0.5	0.09	0.1	0.31
18	0.26	0.49	0.03	0.22
19	0.24	0.37	0.21	0.18
20	0.326530612244898	0.26530612244898	0.142857142857143	0.26530612244898
21	0.18	0.29	0.27	0.26
22	0.32	0.24	0.22	0.22
