Pos	A	C	G	T
1	0.782608695652174	0.130434782608696	0.0	0.0869565217391304
2	0.777777777777778	0.0	0.0	0.222222222222222
3	0.111111111111111	0.259259259259259	0.555555555555556	0.0740740740740741
4	0.0357142857142857	0.0357142857142857	0.0	0.928571428571429
5	0.75	0.0	0.25	0.0
6	0.0	0.0	1.0	0.0
7	0.0	0.0357142857142857	0.964285714285714	0.0
8	0.0	0.0	0.107142857142857	0.892857142857143
9	0.0357142857142857	0.821428571428571	0.142857142857143	0.0
10	1.0	0.0	0.0	0.0
11	0.142857142857143	0.607142857142857	0.107142857142857	0.142857142857143
12	0.214285714285714	0.25	0.321428571428571	0.214285714285714
13	0.107142857142857	0.107142857142857	0.678571428571429	0.107142857142857
14	0.0	0.0	0.0	1.0
15	0.0714285714285714	0.178571428571429	0.714285714285714	0.0357142857142857
16	0.857142857142857	0.107142857142857	0.0357142857142857	0.0
17	0.0	1.0	0.0	0.0
18	0.0	1.0	0.0	0.0
19	0.0	0.392857142857143	0.0	0.607142857142857
20	0.892857142857143	0.0357142857142857	0.0	0.0714285714285714
21	0.148148148148148	0.555555555555556	0.222222222222222	0.0740740740740741
22	0.259259259259259	0.0	0.037037037037037	0.703703703703704
23	0.0833333333333333	0.0	0.0	0.916666666666667
