Pos	A	C	G	T
1	0.273972602739726	0.219178082191781	0.191780821917808	0.315068493150685
2	0.164383561643836	0.397260273972603	0.136986301369863	0.301369863013699
3	0.0547945205479452	0.657534246575342	0.10958904109589	0.178082191780822
4	0.0821917808219178	0.575342465753425	0.0410958904109589	0.301369863013699
5	0.931506849315068	0.0	0.0	0.0684931506849315
6	0.0	0.0	0.0	1.0
7	0.0	0.0	0.0	1.0
8	0.0	0.0	1.0	0.0
9	0.150684931506849	0.0273972602739726	0.0410958904109589	0.780821917808219
10	0.10958904109589	0.0821917808219178	0.0821917808219178	0.726027397260274
11	0.205479452054795	0.452054794520548	0.0684931506849315	0.273972602739726
12	0.232876712328767	0.164383561643836	0.150684931506849	0.452054794520548
13	0.232876712328767	0.26027397260274	0.232876712328767	0.273972602739726
14	0.315068493150685	0.150684931506849	0.246575342465753	0.287671232876712
