Pos	A	C	G	T
1	0.0453451043338684	0.0774478330658106	0.0341091492776886	0.843097913322632
2	0.0272873194221509	0.0308988764044944	0.918138041733547	0.0236757624398074
3	0.00561797752808989	0.00802568218298555	0.860754414125201	0.125601926163724
4	0.00802568218298555	0.00481540930979133	0.98354735152488	0.0036115569823435
5	0.0617977528089888	0.0329052969502408	0.0160513643659711	0.889245585874799
6	0.00280898876404494	0.00521669341894061	0.98876404494382	0.00321027287319422
7	0.00682182985553772	0.0108346709470305	0.964686998394864	0.0176565008025682
8	0.00321027287319422	0.135232744783307	0.091091492776886	0.770465489566613
9	0.0341091492776886	0.903290529695024	0.0385232744783307	0.0240770465489567
