Pos	A	C	G	T
1	0.0431107354184277	0.843617920540997	0.0870667793744717	0.0262045646661031
2	0.890955198647506	0.0524091293322063	0.040574809805579	0.0160608622147084
3	0.00338123415046492	0.00591715976331361	0.985629754860524	0.00507185122569738
4	0.0152155536770921	0.0135249366018597	0.964497041420118	0.00676246830092984
5	0.95519864750634	0.0211327134404057	0.0185967878275571	0.00507185122569738
6	0.894336432797971	0.0101437024513948	0.0169061707523246	0.0786136939983094
7	0.0862214708368555	0.0380388841927303	0.854606931530008	0.0211327134404057
8	0.0972104818258664	0.124260355029586	0.0938292476754015	0.684699915469146
9	0.105663567202029	0.119188503803888	0.683009298393914	0.0921386306001691
