Pos	A	C	G	T
1	0.632435977870302	0.0652388828684956	0.216800699633073	0.0855244396281298
2	0.782144147227134	0.0547348808912717	0.100895454286203	0.0622255175953916
3	0.774358828114603	0.0221487100515219	0.0971501359341432	0.106342325899732
4	0.0820928154527653	0.115981292420008	0.760337649004734	0.0415882431224928
5	0.855073290366737	0.0246582634650849	0.0915986995950493	0.0286697465731288
6	0.0387554896480922	0.00522823627825624	0.944504648377346	0.011511625696306
7	0.0192779330405521	0.00789938972223807	0.963735051997186	0.00908762524002357
8	0.969714253122683	0.0104089431358011	0.010104754843248	0.00977204889826803
9	0.946111142797392	0.00910663700830814	0.0173197209072416	0.0274624992870587
10	0.0723968136276355	0.0671780832335215	0.847354512443202	0.0130705906956406
11	0.161571512766402	0.0353238654727276	0.0487461738816327	0.754358447879237
12	0.0947926766668568	0.0577482461643757	0.792648149204357	0.05481092796441
13	0.220479476796137	0.110049620715223	0.54819483260138	0.12127606988726
