Pos	A	C	G	T
1	0.594594594594595	0.0905405405405406	0.195945945945946	0.118918918918919
2	0.125675675675676	0.116216216216216	0.7	0.0581081081081081
3	0.722972972972973	0.172972972972973	0.0797297297297297	0.0243243243243243
4	0.0594594594594595	0.0540540540540541	0.109459459459459	0.777027027027027
5	0.0202702702702703	0.0243243243243243	0.925675675675676	0.0297297297297297
6	0.022972972972973	0.0405405405405405	0.914864864864865	0.0216216216216216
7	0.878378378378378	0.027027027027027	0.0418918918918919	0.0527027027027027
8	0.0405405405405405	0.0175675675675676	0.914864864864865	0.027027027027027
9	0.867567567567568	0.05	0.0581081081081081	0.0243243243243243
10	0.736486486486487	0.0675675675675676	0.116216216216216	0.0797297297297297
11	0.0864864864864865	0.783783783783784	0.0810810810810811	0.0486486486486487
