Pos	A	C	G	T
1	0.0991189427312775	0.129955947136564	0.607929515418502	0.162995594713656
2	0.079295154185022	0.572687224669604	0.140969162995595	0.20704845814978
3	0.0286343612334802	0.052863436123348	0.0110132158590308	0.907488986784141
4	0.89647577092511	0.0616740088105727	0.0352422907488987	0.0066079295154185
5	0.964757709251101	0.00220264317180617	0.0110132158590308	0.0220264317180617
6	0.0220264317180617	0.0110132158590308	0.00440528634361234	0.962555066079295
7	0.0066079295154185	0.0352422907488987	0.066079295154185	0.892070484581498
8	0.905286343612335	0.013215859030837	0.052863436123348	0.0286343612334802
9	0.200440528634361	0.143171806167401	0.572687224669604	0.0837004405286344
10	0.162995594713656	0.607929515418502	0.127753303964758	0.101321585903084
