Pos	A	C	G	T
1	0.225976972652007	0.0850129136595139	0.0760095585218084	0.613000555166671
2	0.932148977769195	0.020710130584856	0.0218204639262352	0.0253204277197132
3	0.941610948852253	0.0162687972193391	0.017354992879384	0.0247652610490236
4	0.0210480581235367	0.0263583480170895	0.0200584131888291	0.932535180670545
5	0.0278066088971493	0.750416375003017	0.0327306958893529	0.189046320210481
6	0.853363585893939	0.0415409495763837	0.0887542542663352	0.0163412102633421
7	0.938521325641459	0.0130826232832074	0.0264307610610925	0.0219652900142412
8	0.0262135219290835	0.0103792029737623	0.0119240145791595	0.951483260517995
9	0.0267445509184388	0.0435685148084675	0.0170894783847064	0.912597455888387
10	0.775809215766733	0.0374375437495474	0.0389099423109416	0.147843298172778
