Pos	A	C	G	T
1	0.186282811176969	0.63082133784928	0.0643522438611346	0.118543607112616
2	0.0279424216765453	0.929720575783235	0.0118543607112616	0.0304826418289585
3	0.0177815410668925	0.0338696020321761	0.0110076206604572	0.937341236240474
4	0.171041490262489	0.0313293818797629	0.171888230313294	0.625740897544454
5	0.0254022015241321	0.00338696020321761	0.966130397967824	0.00508044030482642
6	0.977984758679086	0.0101608806096528	0.00592718035563082	0.00592718035563082
7	0.965283657917019	0.00846740050804403	0.0228619813717189	0.00338696020321761
8	0.983065198983912	0.00508044030482642	0.00762066045723963	0.00423370025402202
9	0.0135478408128704	0.97121083827265	0.00677392040643522	0.00846740050804403
10	0.188823031329382	0.367485182049111	0.0330228619813717	0.410668924640135
11	0.143945808636749	0.15580016934801	0.605419136325148	0.0948348856900931
