Pos	A	C	G	T
1	0.654934965570008	0.091214530454742	0.164199461095772	0.0896510428794784
2	0.0611090782076445	0.823625295233026	0.0908818735238349	0.0243837530354945
3	0.890622401117727	0.0851269086191411	0.0154020159010013	0.00884867436213034
4	0.00565516782542164	0.00442433718106517	0.983400419147733	0.00652007584578025
5	0.00987991084794252	0.00881540866903962	0.972056817803799	0.00924786267921892
6	0.972954991517248	0.011809321047204	0.00911479990685606	0.00612088752869166
7	0.92748078906224	0.0123083064435648	0.00921459698612821	0.0509963075080669
8	0.162802301985962	0.0390206579954093	0.785070356940887	0.0131066830777419
9	0.0771098765842786	0.110109444130268	0.0954725391703536	0.717308140115099
10	0.161205548717608	0.131000299391238	0.599381258108513	0.108412893782642
