Pos	A	C	G	T
1	0.136613807142319	0.178934935035561	0.0891156291623734	0.595335628659747
2	0.0275187856550476	0.0313136136312231	0.0351084416073987	0.906059159106331
3	0.0218893719685356	0.0305848056093086	0.904350229951497	0.0431755924706592
4	0.0331984619637606	0.0200045236359981	0.0236234324344701	0.923173581965771
5	0.0211354326355206	0.010454625417808	0.941821014802342	0.0265889271443291
6	0.0211103013244201	0.0191500590585811	0.924781985876203	0.0349576537407957
7	0.0151290492825011	0.0417682390490312	0.0351084416073987	0.907994270061069
8	0.0753939333015003	0.0764997109899224	0.0587821366640698	0.789324219044508
9	0.157120957000327	0.0932874268050564	0.127767585634943	0.621824030559674
