Pos	A	C	G	T
1	0.0659422605731331	0.0874613827633962	0.132736763609247	0.713859593054224
2	0.0344092894428465	0.739426866943645	0.0504953659316075	0.1756684776819
3	0.0169383189517418	0.932459784808778	0.00926813678491531	0.0413337594545648
4	0.0268456375838926	0.905614147224886	0.00884201555342495	0.058698199637797
5	0.0507084265473527	0.867689357622244	0.0233301374240972	0.0582720784063066
6	0.794503036113774	0.0450623202301055	0.0448492596143603	0.11558538404176
7	0.081282624906786	0.0263129860445297	0.839458826036007	0.0529455630126771
8	0.0658357302652605	0.0125705763289656	0.89634601043997	0.0252476829658038
9	0.049856184084372	0.0102269095557686	0.915201874933419	0.0247150314264408
10	0.143602855012251	0.0430382443805263	0.783423884095025	0.0299350165121977
11	0.818259294769362	0.085437306913817	0.0530520933205497	0.0432513049962714
