Pos	A	C	G	T
1	0.0575106869470126	0.11869967193558	0.775822646386321	0.0479669947310866
2	0.419226563276668	0.490207774132618	0.0504523312456507	0.0401133313450641
3	0.0289293170295258	0.0461278457103092	0.0179441296351526	0.906998707625012
4	0.0206779998011731	0.0197335719256387	0.922109553633562	0.0374788746396262
5	0.901729794214137	0.0203797594194254	0.0593001292374988	0.0185903171289393
6	0.0413062928720549	0.747191569738543	0.17417238294065	0.0373297544487524
7	0.0399642111541903	0.0192365046227259	0.0140172979421414	0.926781986280942
8	0.0345461775524406	0.922706034397057	0.0223183219007854	0.0204294661497167
9	0.927726414156477	0.00859926434039169	0.0309175862411771	0.0327567352619545
10	0.0135699373695198	0.0110348941246645	0.931156178546575	0.0442389899592405
11	0.0256486728303012	0.900338005765981	0.0436425091957451	0.030370812207973
12	0.61869967193558	0.0961328163833383	0.119942340192862	0.16522517148822
