Pos	A	C	G	T
1	0.0629527854109418	0.0627029727704222	0.0469647764176867	0.827379465400949
2	0.0434673994504122	0.0274793904571571	0.89083187609293	0.0382213339995004
3	0.0169872595553335	0.0362228328753435	0.807144641518861	0.139645266050462
4	0.0157381963527354	0.0187359480389708	0.956032975268549	0.00949288033974519
5	0.047464401698726	0.0217336997252061	0.0182363227579316	0.912565575818136
6	0.0122408193854609	0.0184861353984512	0.951536347739196	0.0177366974768923
7	0.0177366974768923	0.0219835123657257	0.935298526105421	0.024981264051961
8	0.013489882588059	0.124406694978766	0.082687984011991	0.779415438421184
9	0.0404696477641769	0.883087684236822	0.0482138396202848	0.028228828378716
10	0.118910816887335	0.27579315513365	0.0746939795153635	0.530602048463652
