Pos	A	C	G	T
1	0.0368345229520005	0.0786457992272936	0.0211184598258136	0.863401217994892
2	0.010542859013817	0.94983956518892	0.0284853644162137	0.011132211381049
3	0.970892541418375	0.00933141248117347	0.0110667277846899	0.0087093183157619
4	0.953604871979569	0.0117543055464606	0.0227228079366119	0.0119180145373584
5	0.0112304367755877	0.0054351384978063	0.973544627070919	0.00978979765568725
6	0.00775980616855478	0.00405998297426495	0.977473642852466	0.0107065680047148
7	0.0894833344247266	0.220548752537489	0.0387990308427739	0.65116888219501
8	0.0158142885207256	0.889201754960382	0.0284526226180342	0.0665313339008578
9	0.690884683386812	0.0754043612075175	0.102088926723856	0.131622028681815
