Pos	A	C	G	T
1	0.514711976792375	0.0666183174471612	0.263261500207211	0.155408205553253
2	0.0785329465395773	0.0192706174886034	0.86479486116867	0.0374015748031496
3	0.0106713634479901	0.0359510982179859	0.946021549937837	0.00735598839618732
4	0.016369664318276	0.0237256527144633	0.015748031496063	0.944156651471198
5	0.00404061334438458	0.0123290509738914	0.973166183174472	0.0104641525072524
6	0.0735598839618732	0.0237256527144633	0.0700372979693328	0.832677165354331
7	0.0189598010774969	0.0802942395358475	0.853398259428098	0.0473476999585578
8	0.938976377952756	0.0170949026108578	0.0343970161624534	0.00953170327393286
9	0.817343555739743	0.0509738914214671	0.0930377123912142	0.0386448404475756
