Pos	A	C	G	T
1	0.146969696969697	0.637878787878788	0.103030303030303	0.112121212121212
2	0.0333333333333333	0.222727272727273	0.0242424242424242	0.71969696969697
3	0.0287878787878788	0.0151515151515152	0.942424242424242	0.0136363636363636
4	0.00757575757575758	0.00757575757575758	0.972727272727273	0.0121212121212121
5	0.0333333333333333	0.00303030303030303	0.956060606060606	0.00757575757575758
6	0.913636363636364	0.0287878787878788	0.0303030303030303	0.0272727272727273
7	0.327272727272727	0.25	0.316666666666667	0.106060606060606
8	0.218181818181818	0.0848484848484849	0.0696969696969697	0.627272727272727
9	0.0136363636363636	0.0439393939393939	0.0196969696969697	0.922727272727273
10	0.0121212121212121	0.0136363636363636	0.968181818181818	0.00606060606060606
11	0.00909090909090909	0.0151515151515152	0.0257575757575758	0.95
12	0.924242424242424	0.00909090909090909	0.0590909090909091	0.00757575757575758
13	0.0287878787878788	0.0272727272727273	0.913636363636364	0.0303030303030303
14	0.0212121212121212	0.0303030303030303	0.0575757575757576	0.890909090909091
